Areal values from HadUK-Grid 1km gridded climate data from land surface network
Source: Met Office National Climate Information Centre
Monthly, seasonal and annual total duration of bright sunshine for East Anglia
Areal series, starting in 1910
Last updated 01-May-2026 11:32
year    jan    feb    mar    apr    may    jun    jul    aug    sep    oct    nov    dec     win     spr     sum     aut     ann
1910   71.2   75.2  155.6  133.5  211.0  192.9  118.5  167.0  124.1   72.9   80.8   30.7     ---   500.1   478.4   277.8  1433.4
1911   60.8   68.9   89.6  161.2  224.4  218.4  312.8  238.4  212.8   98.6   58.6   43.1   160.4   475.3   769.6   370.0  1787.6
1912   35.0   53.4   94.2  241.7  174.5  192.9  163.0  107.8  112.2  128.6   36.0   25.8   131.5   510.4   463.6   276.7  1365.0
1913   45.9   67.7  104.6  130.9  201.3  201.7  101.3  165.4  136.9  108.3   83.9   40.7   139.3   436.7   468.5   329.1  1388.5
1914   38.6   92.4   99.3  230.8  204.3  242.3  173.4  191.0  194.6   76.3   67.2   39.5   171.8   534.5   606.7   338.1  1649.8
1915   34.1   73.0   98.9  173.2  221.0  231.3  181.5  168.8  172.2   77.4   71.5   37.4   146.6   493.1   581.6   321.0  1540.2
1916   53.5   71.5   58.9  190.5  182.9  130.7  145.8  165.9  107.9   87.8   69.2   24.2   162.4   432.2   442.4   264.9  1288.8
1917   23.0   42.7   79.4  131.9  242.5  224.5  227.3  159.5  165.9  150.3   58.0   60.0    89.9   453.8   611.2   374.2  1564.9
1918   61.3   78.2  135.5  103.0  226.8  229.9  201.5  185.9  152.0   70.3   69.2   33.4   199.5   465.4   617.3   291.5  1547.1
1919   36.1   50.2   89.8  116.1  267.8  225.1  115.7  216.2  164.4  132.4   51.8   31.0   119.7   473.6   557.1   348.6  1496.7
1920   53.1   89.0  141.6   92.4  234.3  229.0  159.9  146.3  107.3  165.9   82.6   30.3   173.1   468.3   535.1   355.8  1531.5
1921   46.6   78.1  138.4  206.7  245.5  210.7  262.5  177.8  172.0  148.2   70.3   42.1   155.0   590.6   650.9   390.5  1798.9
1922   36.2  102.2  102.9  167.0  276.6  227.5  149.0  147.8  128.6  134.7   56.0   47.4   180.5   546.5   524.3   319.4  1575.9
1923   61.7   57.4  100.5  146.3  152.7  130.5  225.4  245.1  183.8   92.6   93.0   37.5   166.5   399.5   601.0   369.4  1526.5
1924   59.4   45.9  168.2  148.1  183.5  197.6  236.0  163.1  120.4   94.4   44.8   47.9   142.9   499.8   596.8   259.7  1509.5
1925   53.5   68.7   90.4  136.9  220.9  250.3  192.4  147.3  118.6  102.6   83.1   59.9   170.1   448.2   590.0   304.3  1524.5
1926   48.3   45.7  121.3  111.4  179.1  182.3  184.9  204.9  142.4  113.8   45.5   56.6   153.8   411.8   572.1   301.7  1436.2
1927   56.9   50.0  126.6  167.7  214.1  178.7  139.1  181.6  109.3  101.4   56.4   33.1   163.5   508.4   499.3   267.2  1415.1
1928   61.6   96.1   99.8  133.0  168.3  222.3  277.5  192.4  209.7  119.0   66.7   51.8   190.7   401.1   692.1   395.4  1698.0
1929   37.8   56.7  165.7  148.2  245.2  197.5  238.4  184.5  192.0  118.8   65.0   66.8   146.3   559.2   620.4   375.7  1716.6
1930   55.6   60.7  129.9  118.3  166.2  231.6  172.8  220.5  124.7  137.4   72.7   32.3   183.1   414.4   624.9   334.8  1522.7
1931   60.7   55.9  169.4  119.7  173.7  191.3  156.7  158.0  113.0  123.3   57.9   39.8   148.9   462.8   505.9   294.2  1419.4
1932   51.1   64.6  134.4  126.0  116.1  194.1  144.0  185.4  116.0   85.6   43.0   53.8   155.6   376.4   523.5   244.5  1313.9
1933   63.5   87.5  185.0  154.0  167.3  235.4  238.4  243.7  180.4   97.5   44.5   42.1   204.7   506.3   717.5   322.4  1739.3
1934   56.7   99.7  118.6  122.8  207.2  195.9  268.4  186.6  185.0   94.0   43.0   21.9   198.5   448.5   650.9   322.0  1599.6
1935   49.9   54.8  126.0  134.1  230.0  218.6  285.6  211.2  154.0  112.3   57.9   39.0   126.7   490.1   715.4   324.2  1673.5
1936   44.3   78.2   84.5  150.4  182.1  203.5  157.4  178.2  113.3  108.4   50.4   60.4   161.5   416.9   539.1   272.1  1411.0
1937   50.7   67.3  107.0   82.8  172.0  189.5  122.4  179.1  151.2   85.7   60.5   28.5   178.4   361.8   491.1   297.4  1296.8
1938   45.5   74.6  170.0  158.0  169.2  204.3  170.6  164.6  120.6  124.9   70.9   46.7   148.6   497.2   539.5   316.5  1520.0
1939   48.1  104.5   93.7  170.2  195.3  214.5  168.6  170.3  143.0   89.2   40.5   39.2   199.3   459.2   553.5   272.7  1477.2
1940   72.2   27.7  122.3  124.4  245.2  263.4  191.5  181.8  167.9  104.0   78.2   36.4   139.1   491.9   636.7   350.1  1615.0
1941   30.8   56.5  114.9  107.8  157.6  214.2  235.9  164.3  110.2  107.8   40.9   36.6   123.7   380.4   614.4   259.0  1377.6
1942   30.1   38.1   90.1  237.9  206.4  234.6  183.6  154.7  133.8   91.9   47.4   45.4   104.7   534.4   572.9   273.2  1494.0
1943   53.9   84.9  139.4  163.8  266.8  205.0  217.3  174.7  151.0   98.0   76.5   50.5   184.2   570.0   597.0   325.5  1681.7
1944   50.7   56.8  119.2  149.7  238.1  167.4  146.4  206.6  151.6  102.8   58.1   47.5   157.9   506.9   520.4   312.5  1494.7
1945   37.7   68.6  138.6  171.6  187.7  207.1  200.0  151.2   87.9  103.8   38.6   43.3   153.8   498.0   558.4   230.3  1436.3
1946   56.3   71.7  101.2  209.6  202.2  179.2  220.7  156.8  123.7   87.6   48.4   63.3   171.3   513.0   556.7   259.7  1520.7
1947   68.0   26.7   70.6  169.8  219.5  216.5  191.5  286.0  171.9  115.3   81.4   34.1   158.1   459.8   693.9   368.6  1651.3
1948   42.8   71.9  166.6  217.1  236.3  173.3  183.7  143.1  147.8   97.8   67.4   55.0   148.9   619.9   500.0   312.9  1602.6
1949   61.6  123.5  105.7  195.5  205.2  236.0  226.6  223.2  163.0  123.1   68.9   53.7   240.1   506.4   685.9   355.1  1786.1
1950   39.1   73.8  127.6  162.4  161.3  271.2  199.6  184.0  122.0  114.6   51.5   34.9   166.6   451.2   654.8   288.1  1541.9
1951   50.3   59.7  102.3  184.7  167.8  249.4  213.1  169.5  129.9  121.0   56.9   61.6   144.9   454.8   632.0   307.7  1566.1
1952   76.9   73.7   89.7  177.3  227.2  204.6  197.3  186.8  132.5  116.0   67.5   59.7   212.2   494.1   588.7   316.0  1609.2
1953   32.3   64.5  126.8  162.3  223.5  131.5  191.9  215.7  171.7   74.9   51.8   33.0   156.5   512.7   539.1   298.4  1479.9
1954   61.1   55.2   95.4  165.9  159.2  148.8  137.1  132.0  164.4  104.5   59.8   59.3   149.3   420.6   417.8   328.8  1342.8
1955   35.4   79.3  155.5  165.9  190.1  173.1  239.2  190.6  160.1  124.2   50.3   55.9   174.0   511.5   603.0   334.5  1619.5
1956   59.6   66.3  144.5  167.1  241.2  136.0  159.6  156.2  116.1  112.6   63.0   16.2   181.8   552.8   451.8   291.7  1438.4
1957   58.9   80.0  106.6  161.0  203.6  277.5  155.0  157.9  107.0   94.3   70.5   54.0   155.1   471.2   590.4   271.8  1526.2
1958   47.2   58.3  129.4  154.4  193.0  140.2  184.4  134.0  150.6   98.3   44.6   37.3   159.5   476.8   458.6   293.5  1371.8
1959   77.7   65.5  106.3  156.0  228.5  248.6  271.7  219.4  191.2  162.9   60.8   34.3   180.5   490.8   739.7   414.9  1822.9
1960   37.8   74.6   66.7  161.0  189.4  258.9  153.7  169.4  126.0   80.2   66.5   43.4   146.7   417.0   581.9   272.6  1427.4
1961   47.3   68.4  164.5  114.7  218.4  232.0  172.4  181.6  130.2  131.2   67.8   69.0   159.1   497.6   586.0   329.2  1597.4
1962   72.4   69.2  108.4  138.1  156.4  259.8  135.6  169.6  131.4  111.0   38.0   80.7   210.6   402.9   565.1   280.4  1470.6
1963   61.5   70.3  104.2  132.9  195.7  206.6  205.2  124.1  132.9   90.9   61.0   48.9   212.5   432.8   535.9   284.7  1434.1
1964   46.5   66.1   57.2  123.5  220.8  163.1  207.7  206.4  201.5  121.6   65.6   41.8   161.4   401.6   577.1   388.7  1521.7
1965   74.2   34.0  125.6  125.5  175.4  177.5  110.2  184.4  128.5  132.0   84.2   51.8   150.0   426.6   472.1   344.6  1403.3
1966   31.8   39.8  117.0   92.6  208.5  188.6  158.5  197.8  157.7   78.4   50.9   36.5   123.4   418.1   544.9   287.0  1358.2
1967   64.3   81.5  171.3  137.5  180.1  201.2  222.1  168.8  115.3  104.0   64.3   64.1   182.4   488.8   592.2   283.6  1574.6
1968   40.0   45.5  126.6  183.6  156.4  176.1  142.1  119.6  130.8   68.5   34.9   26.6   149.6   466.7   437.9   234.2  1250.8
1969   34.3   69.6   70.9  188.3  175.4  261.6  210.8  138.8  124.0  108.4   66.5   15.8   130.5   434.5   611.2   298.9  1464.3
1970   24.8  101.7   98.1  123.1  202.3  266.6  169.6  186.1  157.9  107.4   61.5   40.1   142.2   423.5   622.3   326.8  1539.1
1971   37.4   70.4   96.8  114.5  227.6  141.1  227.1  143.0  170.8  140.3   86.8   32.1   147.8   438.9   511.2   398.0  1487.9
1972   38.5   41.8  148.3  132.5  181.4  171.7  154.3  184.4  113.0   97.3   77.4   49.4   112.4   462.2   510.4   287.7  1390.1
1973   37.7   75.6  130.6  144.5  184.6  268.9  159.8  193.7  167.8  101.1   96.1   57.5   162.6   459.6   622.4   365.1  1617.9
1974   55.5   63.8   98.1  150.5  204.5  195.5  176.0  193.7  155.5   85.4   48.5   48.8   176.9   453.1   565.2   289.3  1475.7
1975   37.5   68.8   63.5  120.3  169.8  269.1  219.6  241.0  155.6  114.1   69.2   40.5   155.1   353.5   729.7   338.9  1568.8
1976   56.3   49.2  114.5  169.9  193.5  283.2  280.4  255.1  123.4   57.3   63.2   61.2   146.0   477.8   818.6   243.8  1707.1
1977   45.9   68.1  104.0  158.1  220.8  130.9  191.0  141.4  125.7  126.1   88.3   51.6   175.2   482.9   463.3   340.1  1452.0
1978   39.6   55.3  118.5  113.2  188.3  165.6  132.7  152.6  159.8   95.6   82.7   35.5   146.6   420.0   450.9   338.2  1339.6
1979   54.0   47.4   94.6  122.7  200.2  174.6  181.8  171.8  183.6  116.0   68.3   59.5   136.9   417.6   528.2   367.9  1474.6
1980   68.7   54.3   80.9  165.5  235.7  188.7  160.0  150.0  150.3  129.6   56.3   52.3   182.6   482.0   498.8   336.2  1492.4
1981   52.5   66.5   55.1  129.1  144.0  160.2  157.9  190.8  165.6  128.1   57.7   42.0   171.3   328.2   509.0   351.4  1349.6
1982   64.4   55.6  160.3  166.3  238.1  153.2  181.6  178.4  159.7   73.4   62.9   52.3   162.1   564.8   513.2   295.9  1546.3
1983   56.0   87.5   90.5  140.1  137.4  181.6  239.9  208.6  112.5  124.7   41.6   55.7   195.8   368.0   630.1   278.8  1476.0
1984   83.8   69.9   47.7  224.0  128.5  201.5  205.5  205.6   97.8  109.1   54.7   64.5   209.4   400.2   612.6   261.5  1492.4
1985   45.8   80.0   97.4  136.1  144.2  160.0  218.5  180.4  133.8  118.1   91.3   33.4   190.3   377.6   559.0   343.1  1439.0
1986   70.8   66.6  125.4  132.8  204.7  229.0  185.7  147.3  170.3  120.1   69.1   60.7   170.8   463.0   562.0   359.5  1582.6
1987   44.3   64.4   94.8  151.6  182.6  116.7  164.3  146.5  155.1  121.0   46.4   28.8   169.5   428.9   427.5   322.5  1316.6
1988   54.0  117.1   90.6  131.1  189.7  148.0  159.2  201.9  137.4  104.1   87.4   48.1   200.0   411.5   509.1   328.8  1468.7
1989   69.2   97.5  103.2  122.3  298.7  249.8  261.4  251.2  127.7   97.3  102.6   26.9   214.9   524.2   762.3   327.5  1807.6
1990   63.1   96.6  151.5  232.4  260.0  138.6  258.9  254.6  136.4  126.7   56.7   45.4   186.5   643.9   652.1   319.8  1820.9
1991   75.5   46.4  101.0  161.6  138.9  133.1  212.7  234.8  184.6   88.7   52.1   51.6   167.4   401.5   580.6   325.4  1481.1
1992   53.5   67.6   73.3  125.4  265.1  219.8  166.1  170.7  134.6  106.7   65.3   49.7   172.7   463.8   556.6   306.6  1497.8
1993   43.5   38.4  129.1  123.3  208.4  211.3  188.2  207.4  102.7  117.1   63.5   43.7   131.5   460.8   606.9   283.3  1476.6
1994   71.2   78.3  128.7  169.8  152.1  234.1  251.9  189.6  113.3  116.8   47.1   65.8   193.2   450.6   675.6   277.2  1618.8
1995   56.7   85.1  185.8  172.8  222.2  176.7  266.6  272.2  137.3  143.5   63.3   35.4   207.6   580.9   715.5   344.0  1817.7
1996   23.0   88.0   69.3  160.1  177.2  246.9  227.3  193.9  135.5  137.9   94.3   56.6   146.4   406.7   668.2   367.7  1610.2
1997   51.7   61.8  137.1  173.5  247.4  156.3  221.0  219.5  167.9  147.3   57.2   36.2   170.1   557.9   596.8   372.4  1676.7
1998   52.9  117.4   73.3  117.5  211.6  151.2  163.3  221.1  121.5   97.7   78.0   40.8   206.4   402.4   535.6   297.3  1446.2
1999   68.5   91.1  104.7  174.0  196.8  212.8  250.4  161.0  150.9  138.0   72.0   73.5   200.4   475.4   624.2   360.9  1693.7
2000   72.7  107.1  109.9  145.2  186.9  182.4  129.6  218.6  124.8   94.5   71.7   46.6   253.3   442.0   530.6   291.0  1490.0
2001   85.4   76.4   76.5  141.1  244.7  203.5  201.8  200.0  112.2  111.7   78.7   77.3   208.4   462.4   605.3   302.5  1609.4
2002   51.1   85.5  116.2  206.1  182.2  179.5  178.2  163.0  151.2   91.9   56.9   24.1   214.0   504.5   520.7   300.0  1485.9
2003   60.7  110.1  169.2  198.8  200.7  210.6  202.7  228.6  209.4  151.0   72.0   57.7   194.9   568.7   641.9   432.4  1871.5
2004   55.0   70.8  106.4  151.6  191.3  199.3  185.1  184.6  169.6  103.7   53.4   57.2   183.5   449.3   569.0   326.7  1528.0
2005   75.1   63.3   70.5  147.0  217.1  190.6  158.2  196.9  156.5  107.8   94.7   65.6   195.6   434.5   545.7   359.0  1543.3
2006   50.8   65.0  113.4  151.9  157.7  237.8  284.1  150.7  168.3  112.5  103.5   43.1   181.4   423.1   672.6   384.3  1638.8
2007   62.8   63.5  169.0  214.9  138.6  160.1  190.5  183.6  160.6   97.4   77.5   55.3   169.4   522.6   534.2   335.5  1573.9
2008   56.8  123.0  110.6  164.9  205.5  199.1  212.2  132.0  113.3  128.9   52.5   67.9   235.1   481.0   543.3   294.7  1566.7
2009   53.1   56.5  141.4  184.6  220.9  204.6  206.1  211.0  156.8   85.4   80.1   64.9   177.5   546.9   621.7   322.2  1665.3
2010   51.7   54.0  115.7  215.5  213.0  229.8  191.3  145.3  129.1  105.6   54.8   41.5   170.7   544.3   566.4   289.5  1547.4
2011   40.6   39.3  113.5  215.8  233.0  208.9  165.0  152.6  174.7  152.1   64.2   66.7   121.4   562.3   526.4   390.9  1626.3
2012   72.1   83.6  155.6  136.8  170.1  146.4  171.9  188.9  179.0   92.0   74.5   51.3   222.3   462.4   507.2   345.5  1522.1
2013   51.0   59.5   66.8  193.5  193.4  169.4  263.3  217.1  144.2   93.1   76.4   62.4   161.8   453.6   649.8   313.6  1590.0
2014   64.5  102.2  157.7  155.7  185.3  211.1  229.0  200.1  132.4  113.3   52.2   79.6   229.1   498.7   640.2   297.9  1683.1
2015   71.6   88.3  144.6  215.8  193.4  227.5  202.9  163.5  170.7   97.9   41.7   44.2   239.5   553.8   593.9   310.3  1662.1
2016   54.2   93.5  129.0  175.7  203.8  132.0  226.5  240.5  140.9  105.3   86.5   53.5   191.9   508.4   599.0   332.8  1641.3
2017   67.3   56.3  127.9  182.8  183.4  210.2  188.5  191.5  124.1   89.3   86.6   60.6   177.0   494.1   590.2   300.0  1568.4
2018   62.3   99.1   75.6  125.0  256.6  241.1  282.5  200.8  176.8  158.4   85.0   52.5   222.0   457.3   724.3   420.2  1815.8
2019   60.1  137.2  133.3  192.1  209.2  177.0  205.1  241.7  178.1   82.5   54.9   66.4   249.8   534.6   623.8   315.6  1737.6
2020   59.7   90.4  166.4  249.0  309.3  216.1  179.6  182.2  176.9   62.9   72.5   46.1   216.5   724.7   577.8   312.3  1811.0
2021   43.7   75.9  110.6  217.5  171.3  205.9  182.6  127.3  155.0   99.6   85.2   27.3   165.7   499.4   515.8   339.7  1501.8
2022   96.0   96.3  182.1  206.7  188.1  248.3  235.0  256.8  138.4  150.6   58.8   64.7   219.7   576.9   740.2   347.8  1922.0
2023   79.6  104.6   78.6  184.5  211.7  260.5  171.3  201.4  175.3  107.9   89.2   30.6   248.8   474.9   633.2   372.4  1695.2
2024   80.1   59.5   98.2  142.4  195.4  234.5  200.4  222.8  142.3  104.6   58.7   29.8   170.2   436.0   657.7   305.6  1568.7
2025   73.5   69.5  222.0  269.2  252.8  276.8  212.1  211.0  183.1   76.9   71.9   70.8   172.8   744.1   699.9   331.9  1989.7
2026   62.2   44.5  155.5  248.5                                                           177.6                                
