Areal values from HadUK-Grid 1km gridded climate data from land surface network
Source: Met Office National Climate Information Centre
Monthly, seasonal and annual total duration of bright sunshine for England SW and S Wales
Areal series, starting in 1910
Last updated 01-May-2026 11:32
year    jan    feb    mar    apr    may    jun    jul    aug    sep    oct    nov    dec     win     spr     sum     aut     ann
1910   52.7   87.8  157.7  137.6  212.3  177.6  158.5  147.0  145.3   74.9   74.2   34.9     ---   507.6   483.2   294.4  1460.6
1911   61.4   65.6  100.7  149.5  223.5  219.9  315.7  224.3  183.3  103.7   70.7   51.6   161.8   473.7   759.9   357.7  1769.8
1912   44.7   55.5   86.8  204.0  150.2  163.8  139.1   83.1  133.2  107.8   43.1   28.5   151.7   441.0   386.0   284.1  1239.9
1913   36.6   70.9  103.6  105.6  181.2  198.8  164.2  159.9  105.8  100.8   64.3   46.6   136.1   390.4   522.9   270.9  1338.4
1914   32.0   61.1   97.0  229.2  186.1  230.1  160.7  191.5  186.0   86.7   58.4   55.9   139.8   512.3   582.3   331.2  1574.8
1915   50.9   77.8  113.9  140.2  217.6  195.4  183.8  170.3  170.4   72.3   94.5   31.6   184.5   471.7   549.5   337.2  1518.6
1916   40.8   65.6   82.7  204.2  165.6  170.2  212.2  179.7  114.3   71.3   46.1   55.2   137.9   452.5   562.0   231.6  1407.7
1917   44.6   72.5  107.2  177.5  185.9  212.6  194.8  140.6  119.9  109.0   42.6   64.8   172.4   470.6   548.0   271.5  1472.0
1918   58.2   47.2  126.8  146.8  224.8  241.4  227.5  159.6  125.4   82.9   75.7   39.3   170.1   498.4   628.5   283.9  1555.4
1919   57.3   63.5  109.9  155.8  191.4  215.9  193.4  216.5  138.8  140.4   55.5   43.8   160.1   457.0   625.9   334.6  1582.1
1920   50.4   69.6  111.1   91.6  183.5  185.4  130.4  145.1  118.0  102.0   60.5   49.8   163.8   386.2   460.9   280.4  1297.4
1921   28.8   74.5  105.0  224.2  230.6  255.2  248.1  153.3  161.9  134.2   53.9   38.1   153.2   559.8   656.7   350.0  1707.8
1922   45.3   71.4  120.1  171.9  237.1  211.3  165.2  118.3  117.1  120.2   62.4   37.0   154.8   529.0   494.8   299.8  1477.4
1923   51.4   63.9  103.1  121.0  184.9  160.1  165.2  204.4  147.6   91.3   98.1   52.4   152.3   409.0   529.7   337.0  1443.3
1924   47.6   72.4  157.0  151.8  153.7  156.7  195.1  141.3  108.8   76.5   57.5   45.0   172.4   462.5   493.0   242.9  1363.5
1925   35.3   75.7  113.1  169.1  153.3  317.4  184.0  153.8  140.6   99.1   89.0   55.3   156.0   435.4   655.2   328.7  1585.7
1926   42.7   41.9   85.5  143.3  171.8  224.5  180.9  177.6  107.0   94.6   56.5   50.5   139.9   400.6   583.0   258.1  1376.8
1927   46.4   61.0  115.2  155.7  195.9  182.1  129.7  164.5  104.7  107.8   59.6   24.0   157.9   466.9   476.3   272.1  1346.8
1928   59.8   83.5   89.9  148.0  176.8  177.1  229.9  177.9  185.0  107.9   56.1   41.5   167.3   414.8   584.9   349.0  1533.5
1929   55.0   57.1  197.5  171.8  218.5  234.1  227.3  160.3  189.0   99.4   63.6   60.5   153.6   587.9   621.6   352.0  1734.0
1930   46.2   76.1  105.3  142.4  134.0  232.1  175.2  173.4  129.1   93.1   64.4   38.7   182.8   381.7   580.6   286.6  1410.0
1931   72.0   70.0  124.3  109.0  147.4  161.0  136.4  154.7  112.1  114.8   65.5   38.3   180.7   380.7   452.2   292.4  1305.6
1932   42.8   79.3  142.5  133.6  112.9  237.5  129.5  165.2  112.7  102.3   51.0   45.7   160.4   388.9   532.1   265.9  1354.8
1933   82.7   90.0  159.7  157.6  172.7  215.4  218.8  214.1  168.9   92.0   80.9   56.8   218.4   490.0   648.3   341.9  1709.7
1934   56.2  105.7  115.8  130.3  217.0  223.1  261.0  181.8  140.7   72.3   34.4   28.6   218.8   463.1   665.8   247.4  1566.8
1935   56.6   61.9  117.0  145.3  189.6  174.1  239.8  190.5  130.8   83.7   67.7   55.8   147.1   452.0   604.3   282.2  1512.9
1936   40.8   68.2   77.2  158.3  197.2  155.3  129.0  193.9  115.0  107.3   55.4   50.0   164.8   432.7   478.2   277.6  1347.5
1937   34.0   53.4  118.3  114.4  197.6  183.5  127.8  214.3  150.5   96.9   67.5   45.1   137.4   430.4   525.7   314.8  1403.3
1938   40.8   64.5  137.3  216.7  152.6  201.4  131.9  146.1  127.3  100.1   52.9   51.4   150.4   506.6   479.3   280.2  1422.8
1939   39.2   79.0   88.5  187.0  215.0  230.5  123.8  175.7  170.0  116.8   39.6   51.6   169.6   490.5   530.0   326.4  1516.7
1940   79.4   40.1  125.1  123.4  218.1  280.4  188.5  212.0  184.2   92.8   61.5   43.4   171.0   466.7   680.8   338.5  1648.8
1941   53.1   74.8   99.2  138.4  172.4  205.2  217.7  173.9  125.7  110.9   52.8   43.7   171.2   410.0   596.7   289.5  1467.8
1942   57.8   68.9   92.6  180.3  185.2  251.2  180.5  139.7  128.7   82.4   67.0   33.4   170.4   458.2   571.4   278.0  1467.7
1943   40.4   78.4  139.4  176.4  214.8  196.0  195.4  155.7  135.1  111.9   66.0   51.0   152.1   530.6   547.1   313.1  1560.6
1944   33.8   77.4  159.1  155.9  229.6  174.1  110.5  207.7  141.8  106.4   35.4   66.7   162.3   544.6   492.4   283.7  1498.7
1945   69.4   61.3  137.2  209.5  166.2  171.5  154.9  169.6   90.2  111.6   59.3   38.0   197.4   512.9   496.0   261.1  1438.6
1946   57.9   62.6  112.4  195.9  192.6  162.2  193.3  133.1   98.3   78.5   48.1   69.2   158.5   500.8   488.6   224.9  1404.0
1947   54.0   32.8   71.1  148.4  153.6  171.7  160.3  281.9  136.9  118.3   61.0   33.8   156.0   373.2   613.9   316.3  1423.9
1948   38.9   74.4  173.5  200.8  280.0  149.9  171.7  145.5  131.2   96.0   72.4   63.4   147.1   654.3   467.0   299.6  1597.6
1949   56.1   99.5  136.2  161.0  237.3  266.8  254.4  205.1  143.4   95.2   67.4   45.1   219.0   534.6   726.3   306.0  1767.5
1950   45.4   50.6  125.9  166.8  207.2  228.0  178.4  170.1  105.9   89.8   66.1   51.1   141.0   500.0   576.5   261.7  1485.3
1951   43.4   86.5   86.9  197.6  174.4  233.1  222.5  161.8   83.0  114.0   64.5   50.2   181.1   458.9   617.4   261.6  1518.0
1952   74.8   87.4   92.4  158.2  199.6  194.8  170.7  168.8  142.0   99.4   66.8   58.1   212.4   450.2   534.2   308.2  1512.9
1953   49.0   70.3  152.7  191.4  208.2  174.2  205.0  202.0  139.5  109.9   50.7   36.4   177.5   552.3   581.2   300.2  1589.5
1954   60.8   78.9  108.0  225.3  171.9  153.0  125.2  140.7  157.0   71.3   48.0   45.6   176.1   505.3   418.9   276.3  1385.8
1955   37.2   84.3  170.0  178.5  214.6  152.2  293.2  220.4  159.2  121.3   75.1   31.5   167.2   563.1   665.8   355.7  1737.7
1956   55.3   94.7  150.7  188.7  246.1  188.4  174.3  179.6   76.1  111.1   56.1   26.8   181.5   585.5   542.3   243.3  1547.9
1957   47.2   81.0   93.2  172.2  230.3  297.3  158.1  159.9  115.2   81.4   64.0   58.1   155.1   495.7   615.3   260.5  1557.9
1958   50.1   46.3  108.2  147.0  185.2  168.4  164.2  113.8  123.9   92.1   46.1   34.4   154.5   440.5   446.4   262.1  1279.8
1959   75.8   76.0  104.7  145.8  231.2  240.1  238.4  207.5  225.5  123.4   54.3   35.5   186.2   481.6   686.0   403.2  1758.1
1960   44.8   82.3   84.7  181.0  182.5  257.7  163.5  162.5  132.9   77.4   70.6   62.1   162.5   448.2   583.7   280.9  1502.0
1961   37.6   50.5  126.9  113.0  231.4  236.4  200.0  170.3  126.6   97.9   61.0   58.8   150.2   471.4   606.8   285.5  1510.6
1962   51.1   73.9  124.3  169.3  176.7  262.5  152.1  150.0  126.5  124.8   46.2   65.4   183.9   470.2   564.7   297.5  1522.9
1963   78.3   85.0  109.5  120.9  182.2  190.3  169.2  131.6  132.3   65.4   60.6   55.2   228.8   412.6   491.2   258.3  1380.6
1964   35.8   58.6   84.1  128.6  167.3  149.9  182.2  191.7  179.0  104.1   59.9   52.7   149.7   380.0   523.8   343.0  1394.0
1965   67.4   50.1  131.9  171.4  165.2  173.4  139.0  175.5  110.5  116.7   73.6   59.5   170.2   468.5   487.9   300.8  1434.2
1966   35.6   35.8  127.7   98.0  235.1  170.3  180.6  184.2  158.7  104.2   64.5   40.2   131.0   460.9   535.1   327.3  1434.9
1967   52.1   85.1  149.6  135.2  162.2  214.3  181.3  167.7  136.2   76.0   76.8   50.5   177.4   447.0   563.3   289.0  1487.0
1968   32.1   81.0  133.1  164.3  163.5  185.9  200.4  157.2  123.9   48.4   50.8   42.0   163.5   460.9   543.5   223.1  1382.6
1969   36.9   67.3   85.1  201.2  148.8  259.4  205.6  166.8   90.6  105.8   76.7   43.4   146.2   435.1   631.9   273.1  1487.6
1970   39.6   92.6  111.8  132.4  188.2  214.5  172.2  158.5  126.7   89.5   52.2   60.5   175.6   432.4   545.2   268.4  1438.7
1971   35.6   71.5   99.5  138.5  228.3  149.3  269.1  130.9  176.6  128.3   88.9   33.4   167.6   466.4   549.4   393.9  1550.1
1972   44.7   48.7  142.5  171.0  146.4  125.2  176.6  204.0  158.7   87.4   71.4   42.0   126.8   460.0   505.8   317.6  1418.7
1973   28.3   67.2  150.9  176.2  150.9  205.8  170.5  175.8  138.6   91.9   71.1   50.7   137.6   478.1   552.1   301.6  1478.0
1974   40.0   70.3  106.6  174.3  192.7  199.7  149.5  183.1  119.4   92.4   57.8   35.4   161.0   473.6   532.3   269.6  1421.2
1975   36.6   77.0  107.0  144.7  220.7  284.2  212.3  200.5  141.9  115.2   69.8   32.4   149.0   472.3   696.9   326.9  1642.1
1976   42.6   50.2  104.6  180.5  177.8  225.4  234.7  280.9  105.8   72.1   67.0   51.0   125.3   463.0   741.0   244.9  1592.8
1977   50.1   63.5   80.2  160.7  239.0  157.0  211.2  167.2  117.9   98.6   80.8   32.4   164.6   479.9   535.5   297.4  1458.9
1978   65.2   55.9  110.2  136.3  210.0  177.3  131.7  171.7  166.4   86.0   59.0   42.2   153.5   456.5   480.7   311.3  1411.9
1979   70.4   61.6   82.9  152.6  182.7  159.4  204.3  165.9  144.9   98.7   60.0   50.5   174.2   418.3   529.6   303.5  1433.8
1980   67.0   47.2   87.2  185.6  214.9  155.6  157.5  140.4  124.2   95.3   68.2   47.2   164.7   487.7   453.5   287.7  1390.3
1981   47.2   70.7   69.8  138.6  117.4  147.6  144.9  202.8  140.2   82.8   42.6   43.2   165.0   325.8   495.3   265.6  1247.7
1982   41.3   56.3  142.0  190.9  196.4  172.3  163.0  140.1  123.9   66.5   59.8   35.1   140.7   529.3   475.4   250.2  1387.6
1983   34.7   82.6   78.0  153.4  131.5  158.1  261.1  236.1  101.8  100.1   44.0   57.9   152.3   362.9   655.3   245.8  1439.1
1984   55.9   59.6   85.0  233.7  183.0  236.6  263.6  179.5  125.5   85.9   52.5   51.6   173.3   501.7   679.7   263.8  1612.2
1985   67.4   74.5  120.6  141.1  191.8  172.1  194.7  149.0  131.0   92.8   71.3   37.9   193.4   453.5   515.8   295.2  1444.3
1986   44.4   74.2  108.4  145.0  176.0  188.7  156.1  128.6  151.4   92.8   72.5   49.4   156.5   429.4   473.4   316.7  1387.5
1987   55.1   66.3  100.0  166.8  206.2  130.6  187.2  189.9  131.7  100.3   62.8   34.6   170.8   473.0   507.6   294.9  1431.5
1988   55.9  106.4   91.2  160.9  199.0  179.0  132.6  154.4  145.2   98.9   89.2   26.8   196.9   451.1   466.0   333.4  1439.7
1989   61.7   85.2   91.3  157.9  256.8  233.4  280.1  236.8  124.6   75.4   83.4   30.4   173.7   505.9   750.2   283.4  1716.9
1990   44.0   67.8  127.9  210.9  267.2  125.6  289.6  198.0  174.9   84.3   80.1   48.4   142.2   606.1   613.3   339.3  1718.9
1991   62.9   74.4   99.7  149.5  172.2  135.2  158.1  205.3  171.9   83.4   48.3   36.0   185.7   421.4   498.7   303.6  1397.0
1992   57.5   55.7   71.1  128.2  245.0  226.5  150.4  140.4  102.8   94.9   48.6   46.9   149.2   444.2   517.3   246.3  1367.9
1993   30.1   48.2  103.1  119.7  168.6  195.3  176.1  192.4  132.7  123.8   63.7   37.3   125.1   391.4   563.8   320.2  1391.0
1994   62.6   61.4   98.8  163.0  144.6  211.1  208.2  162.2  106.4  133.5   30.4   47.7   161.3   406.3   581.5   270.3  1429.9
1995   39.5   50.8  143.1  172.4  218.8  230.5  211.8  282.4  140.8  105.8   76.8   46.4   138.1   534.3   724.8   323.4  1719.2
1996   26.2  102.9   73.5  136.9  188.8  244.2  231.6  203.9  164.7   86.1   75.3   52.5   175.5   399.2   679.7   326.1  1586.6
1997   49.0   57.5  120.7  198.8  240.2  117.1  234.4  155.5  151.4  119.9   59.7   60.0   159.0   559.6   507.0   330.9  1564.1
1998   61.0   85.8   75.6  132.9  219.7  151.8  142.3  224.4  126.8   96.1   79.3   40.7   206.8   428.1   518.4   302.1  1436.2
1999   55.6   62.6  110.7  155.7  143.8  181.8  238.2  161.7  156.8  123.3   80.9   49.0   158.9   410.3   581.7   361.1  1520.2
2000   58.8   84.5  128.5  146.5  178.6  169.2  191.8  177.3  117.7   89.2   55.6   43.1   192.3   453.6   538.3   262.5  1440.8
2001   70.0   91.7   76.2  148.8  225.4  209.2  189.5  170.9  138.8   98.8   67.9   83.3   204.8   450.5   569.6   305.5  1570.6
2002   35.5   69.8  101.2  176.1  189.8  148.1  166.1  168.3  172.3   92.9   62.9   39.6   188.5   467.2   482.5   328.1  1422.6
2003   80.6   86.7  162.3  193.0  187.6  205.8  148.2  204.6  154.1  112.3   70.3   45.5   207.0   542.9   558.7   336.7  1651.2
2004   51.6   97.5  119.3  139.1  220.3  220.3  157.7  181.5  145.7   96.6   49.0   45.2   194.7   478.7   559.6   291.3  1523.9
2005   53.0   80.7   89.8  153.9  203.5  191.9  189.0  232.3  148.1   85.0   86.5   52.6   178.9   447.2   613.2   319.6  1566.2
2006   63.4   64.8   93.3  165.3  163.7  250.4  265.6  163.5  147.9   86.7   88.1   42.8   180.8   422.3   679.4   322.7  1595.4
2007   50.7   70.0  159.6  220.4  188.8  141.9  179.4  210.0  149.2  108.3   67.2   50.4   163.5   568.8   531.3   324.6  1595.8
2008   40.1  111.7  121.6  183.6  183.7  219.2  169.3  100.8  133.0  112.8   55.8   73.5   202.2   488.8   489.3   301.7  1505.1
2009   61.8   52.8  155.7  171.9  202.9  214.6  156.8  152.5  154.5   89.8   58.7   61.3   188.1   530.5   523.9   302.9  1533.2
2010   70.4   74.6  130.3  216.7  206.4  261.4  145.3  149.5  143.7  126.4   75.1   57.8   206.3   553.4   556.2   345.2  1657.6
2011   57.6   52.8  153.3  218.2  177.6  195.2  173.8  139.6  128.8   95.5   62.8   35.4   168.2   549.1   508.5   287.2  1490.4
2012   58.0   68.7  165.8  135.9  206.5  110.6  166.1  145.3  141.9   91.8   63.3   52.3   162.0   508.3   421.9   297.1  1406.3
2013   44.9   68.7   94.6  161.0  206.7  194.8  297.7  177.1  107.4   88.6   68.8   44.5   165.9   462.3   669.6   264.8  1554.8
2014   46.3   85.3  128.9  156.2  174.4  236.8  246.0  184.3  155.3   82.3   65.7   63.4   176.1   459.5   667.1   303.4  1624.9
2015   61.7   83.9  131.5  223.7  177.9  235.4  176.8  143.3  179.5   98.5   31.8   29.2   208.9   533.1   555.5   309.8  1573.1
2016   50.3   81.4  138.2  175.2  213.6  130.7  166.7  194.7  123.8  123.0   77.8   46.0   160.9   527.0   492.1   324.5  1521.2
2017   64.1   56.8   93.7  185.9  200.4  182.1  175.4  157.8  115.6   83.8   74.7   48.5   166.8   480.0   515.3   274.1  1438.7
2018   52.9  114.0   87.4  127.1  230.0  257.6  260.3  142.0  139.5  128.3   64.1   23.0   215.5   444.6   659.9   331.9  1626.4
2019   43.0  108.8  121.3  163.2  211.8  152.1  218.4  187.2  158.0   79.4   46.6   49.2   174.8   496.2   557.7   283.9  1538.9
2020   53.1   67.4  155.4  228.9  311.1  179.4  184.5  148.6  163.0   71.2   65.4   43.5   169.6   695.5   512.6   299.7  1671.7
2021   38.9   68.4  116.8  243.9  178.2  185.1  215.7  138.4  132.1   97.9   64.6   29.8   150.9   539.0   539.2   294.7  1510.0
2022   58.5   68.2  163.9  177.1  171.5  222.8  221.1  239.5  120.0  118.8   66.8   53.5   156.4   512.5   683.4   305.6  1681.7
2023   65.3   80.4   66.2  144.0  260.6  256.4  144.5  140.2  144.4   94.3   58.7   26.6   199.2   470.8   541.1   297.3  1481.5
2024   67.3   43.3   97.8  122.1  180.6  207.0  177.2  162.8  114.7  102.1   46.8   26.6   137.2   400.5   546.9   263.6  1348.4
2025   65.6   68.4  169.3  225.2  273.5  189.1  220.4  206.5  151.6   64.0   71.3   64.3   160.6   668.0   616.0   287.0  1769.3
2026   60.5   48.6  141.5  216.6                                                           173.4                                
