Areal values from HadUK-Grid 1km gridded climate data from land surface network
Source: Met Office National Climate Information Centre
Monthly, seasonal and annual total duration of bright sunshine for England SE and Central S
Areal series, starting in 1910
Last updated 01-May-2026 11:32
year    jan    feb    mar    apr    may    jun    jul    aug    sep    oct    nov    dec     win     spr     sum     aut     ann
1910   64.4   79.2  164.8  132.7  213.1  185.7  133.9  158.3  149.7   71.8   80.2   36.8     ---   510.6   477.9   301.7  1470.6
1911   59.8   75.4   93.2  158.3  219.6  226.1  342.5  249.9  226.6  104.0   61.4   46.6   172.0   471.0   818.6   392.0  1863.3
1912   32.1   47.2   97.8  243.5  177.6  194.2  158.8  105.0  128.0  127.4   35.2   32.4   125.9   518.9   458.1   290.6  1379.4
1913   42.5   69.7  104.0  120.5  210.1  206.8  120.4  152.0  135.6   99.0   73.6   44.4   144.6   434.7   479.2   308.2  1378.6
1914   39.9   84.8   94.8  229.1  205.1  259.0  177.9  200.4  210.0   86.2   72.8   43.9   169.1   529.0   637.4   368.9  1703.9
1915   44.0   84.8   97.3  168.6  224.2  218.6  192.9  169.5  180.2   66.9   83.5   34.0   172.8   490.2   580.9   330.6  1564.6
1916   46.0   74.8   69.8  199.0  192.8  152.8  186.4  179.9  119.0   87.0   61.9   32.5   154.8   461.6   519.2   267.8  1401.9
1917   37.1   62.4   85.4  161.4  206.0  223.2  203.7  154.7  154.4  135.6   52.7   63.9   131.9   452.7   581.6   342.7  1540.3
1918   63.0   68.9  145.6  103.9  239.5  233.7  211.6  186.6  158.5   80.8   73.5   32.8   195.7   489.0   631.9   312.8  1598.3
1919   43.1   57.8   95.7  136.1  247.8  230.1  132.9  238.8  164.3  147.3   49.6   34.5   133.7   479.6   601.8   361.2  1578.0
1920   53.3   78.8  136.3   89.7  210.3  208.0  140.2  164.0  108.5  134.0   72.8   34.6   166.6   436.4   512.2   315.2  1430.6
1921   35.4   76.2  134.4  214.5  230.6  239.2  266.5  173.1  178.0  162.7   72.0   37.7   146.2   579.5   678.9   412.7  1820.5
1922   48.7   93.8  101.8  156.8  282.3  227.1  161.7  135.3  122.5  132.2   56.6   47.7   180.2   540.9   524.0   311.2  1566.3
1923   61.4   57.5   99.8  134.2  170.4  133.0  226.0  247.6  187.6   96.2   95.2   47.4   166.7   404.4   606.6   379.0  1556.2
1924   61.0   59.0  172.7  140.5  200.7  197.4  242.8  159.6  121.9   81.1   52.7   52.6   167.3   513.9   599.8   255.6  1541.8
1925   52.8   75.2  106.0  146.9  211.0  288.9  198.3  155.7  139.2  111.4   90.4   62.5   180.6   463.9   642.9   341.0  1638.3
1926   50.7   46.0  115.8  120.8  168.4  206.0  183.6  208.1  136.5   98.0   42.3   55.8   159.2   405.0   597.7   276.8  1431.9
1927   57.1   52.7  126.1  173.4  238.5  183.4  130.6  173.2  110.9  102.3   54.5   34.2   165.6   538.0   487.1   267.7  1436.8
1928   63.2  104.1  102.1  138.3  175.7  222.3  286.2  201.6  216.5  112.2   63.3   46.5   201.5   416.0   710.1   392.0  1732.0
1929   42.2   68.1  184.4  160.4  250.3  212.4  256.4  193.3  200.9  111.0   76.1   63.4   156.9   595.0   662.0   388.0  1818.8
1930   48.8   69.8  123.3  127.1  157.7  239.0  195.9  223.3  131.3  123.3   68.8   36.0   181.9   408.0   658.2   323.4  1544.1
1931   64.2   73.0  139.1  115.1  169.6  193.2  165.3  149.3  122.8  110.9   61.9   37.4   173.2   423.8   507.9   295.7  1402.0
1932   50.9   71.6  142.2  127.1  121.3  217.9  147.9  201.4  107.4  105.1   44.5   52.9   159.9   390.6   567.2   257.0  1390.2
1933   61.2   81.6  187.6  174.5  176.9  245.0  250.2  255.3  187.2  108.2   60.3   45.9   195.7   539.0   750.5   355.7  1833.9
1934   56.1   93.7  121.5  132.7  226.2  213.0  286.8  193.5  178.6   75.8   37.3   28.3   195.7   480.4   693.3   291.6  1643.4
1935   56.6   60.1  121.7  136.6  186.8  206.1  279.8  202.2  152.3  101.9   55.8   44.5   145.0   445.2   688.1   310.0  1604.3
1936   33.1   87.1   86.9  137.6  203.5  192.3  149.5  190.0  101.1  107.5   46.4   65.0   164.7   428.0   531.8   255.0  1400.1
1937   49.7   61.3  115.6  118.2  181.2  206.5  143.6  208.5  157.4   91.8   70.9   34.4   176.0   415.0   558.6   320.1  1439.1
1938   45.8   77.6  178.5  176.8  162.8  213.4  158.3  167.1  135.3  121.5   54.7   52.3   157.8   518.1   538.8   311.4  1544.0
1939   47.8  105.6   97.5  180.3  213.1  221.1  168.0  181.9  169.5   94.2   40.8   45.6   205.7   491.0   570.9   304.6  1565.4
1940   75.3   27.6  126.8  126.7  239.7  278.7  198.4  209.4  173.4   99.0   77.2   47.9   148.5   493.3   686.5   349.7  1680.3
1941   38.3   66.3  118.1  112.8  161.8  225.6  242.0  178.0  127.1  116.8   44.0   44.0   152.5   392.6   645.5   287.9  1474.6
1942   44.4   42.6   88.2  218.8  210.2  261.5  173.3  159.0  134.1   87.5   69.7   48.3   131.0   517.2   593.9   291.3  1537.7
1943   50.7   87.5  139.3  170.5  249.2  217.0  203.2  204.9  156.4  103.7   70.2   46.3   186.5   559.0   625.1   330.3  1698.9
1944   43.8   69.9  132.0  160.1  246.5  189.0  125.9  219.3  152.2   99.4   55.3   58.7   159.9   538.7   534.2   306.9  1552.1
1945   51.5   65.7  146.2  203.8  198.7  208.4  208.3  167.1   79.6  119.7   49.7   46.2   175.9   548.7   583.8   249.1  1545.0
1946   64.8   68.2   95.9  208.3  192.0  173.9  234.7  165.9  118.7   86.2   49.6   70.2   179.2   496.2   574.5   254.5  1528.5
1947   65.8   26.4   75.4  173.2  188.3  223.1  203.9  281.4  168.0  126.3   71.0   39.8   162.4   436.9   708.4   365.3  1642.6
1948   42.3   82.3  168.2  222.4  252.7  178.5  193.4  155.1  159.9  111.9   78.8   63.5   164.4   643.2   527.1   350.6  1709.0
1949   67.7  122.3  118.2  205.7  233.6  253.4  270.5  227.0  157.0  125.5   76.9   59.0   253.6   557.5   750.8   359.5  1916.9
1950   44.3   72.0  137.9  172.6  192.1  260.8  202.6  190.4  120.6  104.9   62.7   44.7   175.3   502.6   653.8   288.2  1605.6
1951   50.0   65.5   94.7  196.6  165.5  259.6  223.2  172.6  106.6  122.7   67.2   54.9   160.3   456.8   655.4   296.4  1579.1
1952   87.9   83.2   93.5  174.8  220.2  235.4  208.0  188.5  142.6  104.2   66.0   61.4   226.1   488.5   631.9   312.8  1665.9
1953   37.6   69.8  136.8  178.4  229.2  174.1  201.2  233.4  172.8   95.1   49.5   34.3   168.9   544.4   608.7   317.4  1612.2
1954   71.1   60.7  106.1  203.0  167.2  156.6  148.5  145.5  162.2   92.9   58.6   50.6   166.1   476.3   450.6   313.7  1423.0
1955   32.2   85.9  160.4  177.9  216.7  172.5  252.6  204.7  158.0  122.7   54.2   38.8   168.7   555.0   629.8   335.0  1676.7
1956   58.2   76.4  150.2  159.9  250.7  148.4  178.6  171.3  111.9  114.8   71.7   17.6   173.4   560.8   498.3   298.4  1509.7
1957   56.1   74.2  106.2  170.7  215.8  293.5  169.2  174.2  112.9   98.9   67.1   57.0   147.9   492.7   636.9   278.9  1595.8
1958   47.7   45.2  112.2  156.6  197.2  152.3  198.1  125.4  138.4  101.8   51.7   33.7   149.9   465.9   475.9   291.8  1360.3
1959   84.8   66.2  111.5  150.0  232.2  238.9  286.6  234.3  224.4  155.2   61.9   33.4   184.7   493.6   759.9   441.5  1879.4
1960   39.9   87.1   82.4  163.1  180.6  251.4  162.2  164.3  132.9   81.8   73.5   50.8   160.4   426.1   577.8   288.3  1470.0
1961   50.9   66.0  167.7   97.5  231.3  244.0  198.1  175.3  133.5  128.7   64.2   69.6   167.7   496.5   617.3   326.5  1626.8
1962   58.3   77.8  123.0  145.7  165.7  268.6  148.4  176.4  148.8  126.3   35.4   84.4   205.7   434.3   593.4   310.5  1558.8
1963   62.3   77.8  108.8  125.5  198.6  188.2  205.7  153.9  125.2   78.2   60.1   47.8   224.5   432.8   547.7   263.6  1432.0
1964   36.7   57.8   67.9  135.1  196.1  169.5  210.2  207.2  211.1  132.0   54.8   49.7   142.3   399.1   586.9   397.9  1528.1
1965   68.1   42.3  133.8  139.0  184.2  176.1  127.2  184.7  132.2  137.2   87.6   59.0   160.1   457.0   488.0   357.0  1471.4
1966   35.8   32.5  131.0   93.8  223.7  209.9  159.5  191.9  163.5   79.0   56.2   36.0   127.3   448.5   561.3   298.8  1412.8
1967   61.9   87.1  166.7  145.7  187.6  217.8  241.8  179.4  119.8   98.2   76.4   54.2   185.0   500.0   639.0   294.4  1636.6
1968   42.4   74.0  142.3  179.7  174.2  180.8  159.7  126.2  132.8   67.9   47.1   32.6   170.6   496.2   466.7   247.8  1359.6
1969   33.2   72.3   70.6  201.7  166.3  259.6  227.7  163.9  116.1  120.9   79.9   26.9   138.1   438.7   651.2   316.9  1539.2
1970   32.1  107.0  111.5  125.5  212.5  259.3  190.9  188.5  160.4  107.9   60.7   47.2   166.0   449.6   638.7   329.0  1603.5
1971   43.0   75.3  111.3  133.7  230.4  155.0  246.7  143.1  185.6  145.9  100.1   30.9   165.5   475.4   544.8   431.6  1601.0
1972   36.8   40.6  158.8  142.7  170.5  171.1  170.0  196.0  131.7  108.6   78.3   55.5   108.3   472.0   537.1   318.6  1460.6
1973   33.5   77.0  147.8  148.4  175.9  248.9  180.2  197.5  173.4  107.2   90.5   56.9   166.0   472.1   626.5   371.1  1637.2
1974   44.7   66.4  111.6  172.2  216.5  209.2  188.8  202.7  156.3   98.1   49.4   48.4   168.0   500.3   600.7   303.8  1564.2
1975   38.4   85.6   70.5  144.4  166.0  295.2  228.1  233.6  147.6  117.6   81.4   48.6   172.4   380.9   757.0   346.6  1657.0
1976   61.1   39.6  127.1  194.3  221.0  275.2  280.9  282.0  131.5   63.7   55.9   58.3   149.3   542.3   838.1   251.0  1790.4
1977   45.7   82.1  105.1  166.4  220.1  132.7  210.5  146.1  124.5  115.8   92.9   39.9   186.1   491.6   489.3   333.2  1481.8
1978   57.3   53.5  117.2  121.3  201.3  188.4  140.6  183.2  170.0  106.3   77.0   32.3   150.6   439.8   512.2   353.2  1448.2
1979   66.2   53.9  103.7  128.3  209.0  150.1  202.8  177.3  177.5  118.5   70.3   55.5   152.4   441.0   530.2   366.3  1513.1
1980   73.1   55.5   81.1  173.3  229.8  189.3  163.2  175.3  140.1  124.3   66.8   63.0   184.1   484.2   527.9   331.2  1534.9
1981   58.3   75.4   66.3  130.9  127.2  157.4  154.1  213.7  155.7  104.8   48.5   45.8   196.7   324.4   525.2   309.0  1338.1
1982   59.1   50.7  159.5  188.2  218.0  195.1  181.8  180.5  155.6   72.8   62.8   50.4   155.6   565.6   557.4   291.1  1574.3
1983   51.3   87.3   93.7  149.3  149.4  191.9  264.7  231.2  114.0  115.3   52.9   60.3   189.0   392.4   687.8   282.1  1561.2
1984   84.2   73.2   68.3  233.4  145.1  246.8  238.0  192.6  112.1   90.9   65.4   53.7   217.7   446.8   677.4   268.4  1603.7
1985   52.4   87.5  108.7  154.2  178.1  166.9  236.2  195.1  148.8  121.4   83.9   39.5   193.7   441.1   598.2   354.1  1572.8
1986   64.8   70.5  117.7  145.0  192.0  223.2  191.7  165.6  157.6  113.2   76.7   60.9   174.8   454.7   580.5   347.5  1578.9
1987   54.0   69.0  107.8  173.0  198.6  143.0  188.2  177.9  146.8  113.0   54.0   37.9   183.9   479.4   509.1   313.7  1463.1
1988   57.0  121.7   94.2  161.3  208.1  154.6  168.6  188.2  143.9  111.3   91.8   39.2   216.7   463.6   511.4   346.9  1539.9
1989   66.5   91.7  101.6  145.2  300.2  252.7  275.2  260.5  134.8  101.4  104.5   25.6   197.3   547.1   788.4   340.7  1860.0
1990   49.8   93.7  151.6  233.8  278.7  134.1  278.6  253.4  172.6  117.1   78.0   51.6   169.1   664.1   666.1   367.8  1893.1
1991   64.5   61.6   99.4  159.2  144.2  134.1  210.4  251.4  175.5   90.3   54.5   53.4   177.6   402.7   596.0   320.4  1498.6
1992   52.5   65.4   65.8  137.8  267.3  219.8  166.6  150.9  129.0  110.3   58.9   48.1   171.3   471.0   537.3   298.2  1472.5
1993   39.7   53.2  134.1  127.1  184.1  214.5  173.8  218.2  105.7  111.5   70.5   49.4   141.0   445.3   606.5   287.7  1481.7
1994   67.7   68.1  121.2  170.9  158.3  253.3  254.5  182.6  115.4  143.8   37.4   57.1   185.1   450.3   690.4   296.6  1630.1
1995   55.0   72.4  185.0  182.7  240.9  203.6  249.1  291.3  143.1  125.7   74.2   41.3   184.5   608.7   744.0   343.0  1864.4
1996   29.5   93.4   74.7  155.1  184.0  266.4  233.8  221.0  151.5  130.9   96.0   53.3   164.2   413.8   721.2   378.4  1689.6
1997   52.8   57.5  143.9  217.8  252.6  146.9  240.5  188.2  190.3  160.1   62.9   50.5   163.5   614.2   575.6   413.2  1763.8
1998   65.9  104.3   82.2  126.7  231.4  152.1  176.6  257.6  148.6   94.4   89.8   39.3   220.8   440.3   586.2   332.7  1568.8
1999   60.9   87.4  121.4  164.0  187.4  214.5  256.6  187.1  159.1  154.0   81.8   69.8   187.6   472.8   658.2   394.9  1744.0
2000   72.0  100.2  120.8  140.4  195.9  172.4  174.0  214.9  127.7   94.2   72.4   41.4   242.0   457.1   561.3   294.3  1526.4
2001   79.2   82.6   66.1  137.4  222.6  235.2  226.5  200.0  139.3  105.1   87.8   85.7   203.2   426.1   661.6   332.2  1667.3
2002   47.9   83.6  110.0  209.9  198.9  178.4  187.0  186.8  177.9  102.4   62.0   34.0   217.2   518.8   552.2   342.2  1578.8
2003   86.5   96.0  166.9  191.8  201.7  223.1  206.4  240.1  194.6  146.6   75.4   52.3   216.5   560.5   669.6   416.6  1881.5
2004   61.9   73.4  108.3  159.5  206.2  232.1  186.4  202.5  170.8  104.5   53.9   45.5   187.6   473.9   621.0   329.1  1604.7
2005   68.3   71.2   95.2  148.4  222.1  211.3  199.5  239.6  160.1  104.5   93.8   68.6   185.0   465.6   650.4   358.4  1682.5
2006   53.7   67.1  108.6  152.3  165.6  269.9  307.4  179.0  162.1  106.5  100.1   44.3   189.4   426.5   756.3   368.6  1716.5
2007   61.2   68.3  178.1  239.0  178.2  172.8  201.6  217.2  160.6  109.4   86.1   65.1   173.8   595.3   591.6   356.1  1737.6
2008   54.7  134.2  106.6  175.7  201.4  230.6  216.3  127.9  129.9  135.9   47.0   77.6   254.0   483.7   574.8   312.8  1638.0
2009   62.6   63.2  173.8  185.7  224.3  221.3  200.7  195.7  166.9  102.1   67.0   66.2   203.5   583.9   617.8   336.0  1729.7
2010   58.5   58.9  124.6  234.1  203.6  263.1  204.1  136.8  137.5  120.5   56.4   29.7   183.7   562.2   604.0   314.4  1627.7
2011   47.1   42.5  143.7  235.8  233.5  198.8  187.1  164.9  164.2  136.8   56.4   57.7   119.3   613.0   550.8   357.4  1668.5
2012   73.2   83.7  174.5  155.7  191.5  141.3  179.1  188.5  181.1   86.0   74.9   60.9   214.5   521.7   508.9   341.9  1590.4
2013   43.8   68.1   66.8  167.3  192.5  188.2  291.5  214.4  126.4   97.5   78.5   53.9   172.7   426.6   694.1   302.5  1588.8
2014   64.0   97.1  160.2  168.2  202.0  241.7  269.1  199.2  144.6  106.8   58.3   75.0   215.1   530.3   709.9   309.7  1786.0
2015   69.1   79.7  142.3  227.7  195.7  248.0  204.1  148.2  179.1   96.6   29.5   33.5   223.8   565.7   600.3   305.3  1653.6
2016   59.6   89.4  136.0  176.8  214.2  126.9  212.9  234.5  139.2  128.3   84.1   61.7   182.5   526.9   574.3   351.7  1663.6
2017   75.1   54.3  127.1  203.3  194.3  235.9  202.2  197.3  134.3   92.7   84.6   51.8   191.1   524.6   635.4   311.6  1652.9
2018   57.4  119.2   77.2  134.0  261.6  263.6  300.8  190.9  184.1  142.7   76.0   46.0   228.4   472.8   755.3   402.8  1853.6
2019   61.1  122.5  126.3  180.6  211.3  188.8  233.7  228.2  172.5   84.1   59.0   63.0   229.6   518.2   650.6   315.6  1730.9
2020   54.7   75.6  168.9  249.8  327.5  212.7  204.5  186.1  172.1   69.4   60.3   48.6   193.2   746.2   603.3   301.8  1830.2
2021   34.6   68.7  116.5  222.8  166.1  188.4  206.7  137.1  150.5   98.7   74.7   29.1   152.0   505.4   532.3   324.0  1494.1
2022   72.7   92.0  159.7  185.9  186.8  236.5  248.2  245.3  130.5  132.9   72.4   53.8   193.8   532.4   730.0   335.8  1816.7
2023   70.1   86.0   63.8  159.4  232.3  280.5  170.3  184.4  170.1  114.4   79.2   21.6   209.9   455.4   635.2   363.7  1632.1
2024   76.5   48.9  100.7  140.5  191.9  237.7  196.3  208.6  129.8   86.4   53.6   22.8   147.1   433.1   642.7   269.7  1493.7
2025   59.1   69.3  198.5  255.2  259.7  267.7  233.8  223.8  176.4   82.0   76.9   67.3   151.1   713.4   725.3   335.3  1969.6
2026   67.0   49.1  154.4  244.3                                                           183.5                                
