Areal values from HadUK-Grid 1km gridded climate data from land surface network
Source: Met Office National Climate Information Centre
Monthly, seasonal and annual total duration of bright sunshine for England NW and N Wales
Areal series, starting in 1910
Last updated 01-May-2026 11:32
year    jan    feb    mar    apr    may    jun    jul    aug    sep    oct    nov    dec     win     spr     sum     aut     ann
1910   46.5   70.9  125.2  118.0  199.2  174.3  176.6  118.0  119.2   77.7   59.9   26.9     ---   442.4   468.9   256.8  1312.5
1911   42.0   54.9  100.4  119.6  212.0  209.9  250.0  219.4  155.2   90.7   53.5   32.3   123.9   432.1   679.3   299.4  1540.0
1912   36.2   53.6   75.8  203.0  139.8  131.0  128.4   83.1  103.5   89.7   34.4   13.4   122.1   418.6   342.5   227.7  1091.9
1913   29.5   53.9  101.0  103.3  147.5  161.6  153.9  163.7  117.3   79.9   48.5   26.6    96.8   351.9   479.2   245.7  1186.8
1914   25.1   54.0   85.0  200.5  138.6  205.7  145.1  183.7  164.5   67.2   50.5   30.1   105.8   424.1   534.4   282.2  1349.9
1915   36.4   65.0  102.2  152.2  224.8  206.7  150.8  126.2  156.1   69.9   74.7   24.2   131.4   479.3   483.6   300.7  1389.2
1916   31.2   55.3   59.5  155.4  156.9  147.0  150.5  160.2   97.5   61.3   37.4   39.2   110.7   371.7   457.8   196.2  1151.4
1917   24.6   50.1   97.3  123.2  170.5  215.6  223.4  111.0  104.2   86.3   34.4   32.9   113.9   391.0   550.0   224.9  1273.5
1918   43.0   37.6  108.1  149.6  193.2  202.9  189.5  141.6  109.7   73.8   62.8   25.6   113.5   450.9   534.0   246.3  1337.3
1919   38.6   58.5   89.2  121.4  211.6  189.6  160.7  160.7  133.7  104.3   42.3   29.7   122.7   422.2   511.0   280.3  1340.4
1920   37.3   66.9   86.5   77.9  155.4  176.9  103.6  117.1  112.2  113.0   50.3   33.4   134.0   319.7   397.5   275.4  1130.2
1921   24.4   62.7   83.3  185.2  215.0  225.8  208.7  128.2  153.1   95.3   56.1   30.3   120.5   483.6   562.6   304.5  1468.1
1922   40.9   59.9  106.6  166.0  193.2  187.4  147.4  112.5   89.3  106.8   48.8   22.1   131.1   465.8   447.4   244.9  1281.0
1923   34.3   46.6   99.1  130.5  166.3  129.8  151.2  145.2  130.2   80.3   62.0   35.9   103.1   395.9   426.3   272.5  1211.5
1924   37.3   47.0  133.1  135.5  138.1  146.0  151.0  120.8   98.6   87.6   52.4   33.5   120.1   406.8   417.7   238.7  1180.9
1925   34.4   53.5   93.6  161.3  130.5  256.2  176.3  130.9  113.9   72.4   82.1   41.8   121.4   385.4   563.3   268.4  1346.8
1926   30.7   36.6   82.8  119.0  170.0  195.5  153.7  169.7  106.9   92.5   44.6   32.0   109.0   371.8   518.8   243.9  1233.8
1927   30.6   57.0   92.2  131.2  174.0  161.9  128.9  133.9   99.4   94.8   55.5   25.0   119.5   397.3   424.8   249.8  1184.4
1928   37.7   67.7   71.5  133.1  161.4  173.5  196.2  147.6  141.6   83.8   44.1   30.5   130.4   366.0   517.3   269.5  1288.7
1929   39.5   52.0  185.9  162.4  232.4  224.9  176.0  132.1  147.7   93.7   38.5   41.3   121.9   580.7   533.0   279.9  1526.4
1930   43.1   65.6   91.7  104.0  160.2  216.8  129.9  145.5   99.7   82.8   53.1   20.9   150.1   355.9   492.2   235.7  1213.3
1931   46.1   44.2  132.0  102.9  167.7  130.5  113.7  161.3   86.1  112.0   38.7   24.5   111.2   402.6   405.5   236.8  1159.9
1932   48.6   69.4   92.4  124.5  112.8  212.4  116.5  137.1  111.5   70.8   36.5   39.1   142.5   329.7   466.0   218.8  1171.6
1933   56.3   73.2  132.3  124.0  139.4  195.4  186.6  179.4  170.2   73.5   49.9   35.2   168.7   395.7   561.4   293.6  1415.4
1934   51.4   68.6   88.5  125.2  150.7  200.7  225.7  143.6  133.7   59.3   34.9   16.9   155.2   364.4   569.9   227.9  1299.1
1935   37.7   40.4   99.9  144.4  248.1  159.9  209.3  174.5  113.9   56.1   47.6   36.2    94.9   492.4   543.6   217.6  1367.9
1936   33.0   68.5   46.7  166.3  192.5  150.4  113.2  154.8   91.3   87.9   47.4   33.2   137.8   405.4   418.4   226.6  1185.2
1937   28.7   49.8   89.4   98.5  181.7  139.9  116.6  169.6  120.7   71.6   56.4   30.7   111.8   369.6   426.1   248.7  1153.6
1938   31.4   59.1  100.9  177.8  167.3  158.9  118.6  148.5   92.9   76.4   52.8   37.9   121.2   446.0   426.0   222.1  1222.4
1939   31.4   59.2   82.2  164.2  187.8  231.1  121.2  154.7  110.3  100.5   35.5   29.0   128.5   434.1   507.0   246.3  1307.1
1940   56.3   35.1   98.8  104.6  194.4  288.3  150.9  149.3  139.1   67.0   40.0   36.5   120.4   397.8   588.5   246.1  1360.3
1941   35.7   59.6  102.0  100.4  157.0  196.8  184.5  144.8   95.6   92.5   38.9   27.2   131.8   359.4   526.0   226.9  1234.9
1942   32.7   52.2   67.7  198.8  200.5  210.7  159.1  103.0  124.8   66.3   40.4   23.2   112.1   467.0   472.9   231.5  1279.5
1943   30.0   64.4  122.7  144.3  214.2  197.2  215.0  117.6  111.4   88.4   50.1   36.2   117.5   481.3   529.8   249.8  1391.5
1944   26.5   59.7  114.7  136.3  175.8  144.1   87.7  174.5  110.2   75.1   37.4   37.6   122.3   426.8   406.3   222.8  1179.7
1945   49.8   62.0  100.1  181.9  153.7  168.5  144.1  171.2   97.7   83.5   41.0   29.3   149.4   435.8   483.8   222.2  1282.9
1946   40.7   66.3  116.4  154.8  227.7  154.6  155.1  129.2   89.8   78.8   23.9   40.5   136.3   498.9   438.9   192.5  1277.8
1947   37.9   39.9   66.9  127.1  161.6  150.6  133.5  271.3  110.8   98.4   67.8   23.0   118.3   355.7   555.4   277.1  1288.9
1948   33.0   59.8  154.0  158.9  254.6  153.2  156.4   97.1   80.0   76.2   57.6   50.1   115.8   567.5   406.7   213.8  1330.9
1949   38.7   87.7  130.2  138.0  224.2  253.1  193.3  177.2  146.4   73.6   40.8   31.3   176.5   492.4   623.6   260.8  1534.5
1950   35.1   57.9  109.9  131.5  185.5  210.3  163.6  139.6   91.1   88.4   49.2   31.7   124.3   427.0   513.5   228.7  1293.9
1951   35.0   56.2   79.1  170.0  177.5  213.6  167.7  124.0  104.3  102.4   43.0   36.2   122.9   426.6   505.2   249.6  1308.8
1952   52.0   76.0   92.8  137.7  176.8  165.1  140.4  141.5   93.8   95.4   66.5   33.6   164.2   407.2   446.9   255.7  1271.4
1953   34.0   51.2  133.7  174.4  202.3  160.5  161.1  156.9  110.8   96.0   41.5   28.2   118.7   510.5   478.5   248.3  1350.6
1954   41.3   55.4  106.0  185.1  146.8  131.9  105.5  103.6  133.6   59.4   49.4   24.1   124.9   437.9   340.9   242.4  1142.1
1955   33.9   74.5  149.2  153.4  192.1  142.9  289.0  211.8  136.5  101.3   54.3   31.8   132.5   494.7   643.7   292.2  1570.7
1956   45.0   75.9  132.7  159.1  226.0  159.6  137.5  127.3   89.8  104.5   46.6   19.1   152.7   517.7   424.4   240.9  1322.9
1957   37.3   77.3   82.7  153.4  201.1  283.8  117.7  117.3  100.7   70.3   52.5   47.5   133.7   437.3   518.8   223.5  1341.7
1958   43.0   53.6  105.6  142.5  153.4  131.3  149.8  115.2  104.6   73.0   38.6   29.9   144.1   401.4   396.3   216.1  1140.4
1959   70.5   59.5   86.4  122.5  223.9  216.2  195.5  183.8  177.2  114.7   41.4   22.2   160.0   432.8   595.5   333.3  1513.8
1960   34.7   72.9   80.3  158.1  184.1  250.6  140.4  151.1  124.8   64.4   46.4   50.2   129.7   422.5   542.1   235.6  1358.0
1961   36.8   57.3  106.8   91.7  192.1  181.7  132.5  160.1  117.9   94.0   60.1   52.6   144.3   390.7   474.3   272.0  1283.6
1962   49.5   62.6  121.1  168.6  171.2  194.4  122.6  132.0   86.0   97.0   45.4   57.0   164.7   460.9   449.1   228.4  1307.5
1963   65.6   94.8  102.7  107.5  178.9  186.2  161.1  112.0  138.5   79.7   44.6   48.1   217.4   389.1   459.4   262.9  1319.9
1964   42.7   59.5   63.9  112.6  173.7  130.1  143.1  169.5  144.4   94.0   60.1   44.9   150.3   350.2   442.7   298.5  1238.4
1965   54.9   37.3  124.1  149.6  144.4  177.3  120.6  161.9   83.1  112.4   71.1   43.0   137.1   418.1   459.9   266.5  1279.6
1966   35.5   36.1   94.8  100.2  211.7  137.3  169.3  145.9  124.0   83.0   44.8   33.3   114.6   406.7   452.5   251.8  1215.8
1967   51.8   66.5  124.0  108.5  136.2  220.8  160.9  138.7  112.9   78.7   60.6   50.9   151.5   368.7   520.4   252.2  1310.4
1968   28.7   85.1   93.6  168.9  148.2  200.6  141.0  162.9  101.5   50.6   49.5   37.2   164.8   410.7   504.5   201.6  1267.8
1969   25.4   55.4   83.6  181.7  124.7  238.5  182.0  135.2   84.2   92.8   64.2   30.4   118.0   390.0   555.7   241.3  1298.3
1970   29.8   88.9  113.4  133.7  167.5  234.0  125.7  158.1  108.9   87.8   43.5   48.5   149.2   414.6   517.8   240.3  1339.9
1971   34.8   53.2   73.3  123.1  221.1  132.3  220.6  126.3  155.1  110.3   60.6   24.3   136.4   417.5   479.2   326.1  1335.0
1972   37.6   45.8  117.8  130.2  133.3  138.7  171.5  161.6  129.1   97.8   52.2   34.3   107.8   381.2   471.8   279.1  1249.9
1973   34.0   65.4  128.8  150.5  160.8  195.1  156.0  168.5  119.1   79.8   65.6   42.0   133.8   440.0   519.6   264.5  1365.5
1974   42.5   52.0  106.6  177.8  182.4  195.0  134.5  150.7  105.4   68.2   44.2   29.4   136.4   466.9   480.2   217.7  1288.6
1975   30.8   88.1  104.0  124.2  234.5  259.6  165.3  203.7  135.7  106.9   70.1   32.7   148.3   462.6   628.6   312.8  1555.5
1976   34.6   55.1   99.8  134.4  132.7  215.6  226.0  243.0   76.6   64.2   61.7   44.4   122.4   366.9   684.6   202.4  1388.0
1977   41.8   52.8   71.9  145.8  244.6  193.4  197.0  153.3   94.5   95.3   59.9   34.1   139.0   462.2   543.7   249.8  1384.4
1978   42.1   49.8   99.7  117.5  205.7  145.2  147.0  111.1   98.3   71.3   54.0   32.1   126.1   422.8   403.2   223.6  1173.6
1979   54.6   70.7   72.9  125.2  157.9  165.4  139.2  149.4  133.4   88.1   51.3   41.1   157.4   356.0   454.1   272.8  1249.3
1980   47.1   30.7   82.9  167.6  237.0  126.5  132.4  116.0  107.4   79.5   53.2   39.6   119.0   487.5   374.8   240.1  1219.8
1981   33.6   68.4   72.7  145.3  150.3  134.5  130.4  160.6  130.4  101.3   41.8   43.5   141.6   368.3   425.6   273.5  1212.9
1982   55.2   56.0  129.1  170.6  203.4  142.7  161.7  138.0  120.2   63.2   41.1   29.8   154.7   503.1   442.4   224.5  1311.1
1983   32.3   65.3   59.4  127.7  120.5  151.5  215.4  208.0   91.1   83.6   46.6   37.3   127.4   307.6   574.9   221.3  1238.8
1984   44.8   53.0   54.7  205.3  202.2  164.8  249.9  192.0   98.1   83.6   41.7   41.8   135.1   462.3   606.7   223.5  1432.0
1985   40.8   79.0  110.1  107.0  155.7  171.2  149.9  126.0  105.2   85.4   68.2   34.6   161.6   372.9   447.1   258.8  1233.2
1986   39.1   95.3  108.5  119.7  178.4  180.0  121.0  117.8  160.2  100.7   64.8   37.4   168.9   406.7   418.8   325.7  1322.9
1987   55.2   60.6   96.5  140.2  195.2  102.3  158.9  133.0  145.1   89.7   45.8   34.9   153.2   431.9   394.2   280.6  1257.4
1988   45.4   79.0   79.3  129.0  202.9  189.6  122.2  153.2  117.3   93.0   80.6   29.3   159.2   411.2   465.0   290.8  1320.7
1989   51.5   78.4   97.8  137.2  246.2  212.0  245.1  189.0  108.4   72.7   65.0   27.7   159.2   481.2   646.1   246.1  1530.9
1990   46.0   50.8  101.9  174.1  224.2  120.8  248.5  157.6  121.7   78.6   50.0   37.4   124.5   500.2   526.9   250.3  1411.7
1991   58.1   63.1   67.7  142.7  136.3  142.4  162.5  165.5  167.2   77.2   47.9   39.5   158.6   346.7   470.4   292.3  1270.2
1992   52.0   59.3   71.4  110.3  239.5  204.4  155.2  159.3  103.2   66.4   42.5   39.0   150.8   421.1   519.0   212.1  1302.5
1993   33.2   46.0   96.3  125.2  145.9  171.4  128.4  152.9   94.1   98.2   59.9   28.5   118.2   367.4   452.7   252.1  1179.9
1994   46.5   56.4   91.1  157.7  157.2  149.2  195.7  142.0  106.7  101.5   44.8   38.5   131.4   406.0   487.0   253.0  1287.3
1995   39.9   59.2  114.7  176.4  178.9  213.2  199.4  255.9  127.5  103.8   60.6   43.3   137.5   470.0   668.4   291.8  1572.7
1996   20.3   77.4   69.7  104.5  179.2  217.7  190.6  168.1  136.2   84.9   65.2   51.2   141.0   353.4   576.3   286.4  1364.9
1997   52.2   61.3  103.2  123.4  212.4  131.1  209.2  185.6  129.5  110.1   32.1   29.5   164.7   439.0   525.8   271.7  1379.6
1998   40.6   58.4   73.1  128.8  195.4  127.7  133.2  164.2  119.0   85.9   58.8   35.5   128.6   397.3   425.2   263.7  1220.7
1999   46.2   64.7   94.3  147.5  143.9  185.9  211.4  131.7  147.1  104.8   58.9   37.7   146.4   385.8   528.9   310.8  1374.0
2000   49.9   79.9  102.5  134.9  230.4  157.6  168.8  167.6  106.0   78.7   34.4   39.3   167.4   467.7   494.0   219.1  1349.9
2001   68.2   76.8  115.8  127.2  217.2  157.1  173.2  157.2   95.2   96.5   44.1   66.4   184.3   460.3   487.5   235.8  1395.0
2002   36.7   59.5  116.5  170.3  166.3  147.6  135.6  138.0  144.2   90.2   53.0   39.2   162.6   453.2   421.2   287.4  1297.2
2003   65.5   94.4  166.7  192.1  171.4  200.0  147.4  182.5  132.1  115.0   59.7   48.0   199.0   530.2   529.8   306.8  1574.7
2004   33.5  100.6  111.0  111.6  212.0  163.5  148.8  150.9  132.2   82.4   37.1   48.8   182.1   434.7   463.2   251.7  1332.5
2005   38.7   71.6   84.2  140.0  210.7  167.4  161.4  189.1  128.5   60.0   78.7   45.1   159.0   435.0   517.9   267.2  1375.4
2006   52.4   72.4   84.1  167.1  168.7  196.4  267.6  126.4  148.6   87.2   69.3   35.1   169.9   419.9   590.4   305.1  1475.2
2007   48.3   72.3  133.3  210.8  177.0  143.3  154.6  169.8  125.8  105.4   50.0   47.5   155.6   521.2   467.8   281.2  1438.2
2008   31.4  106.9  109.1  134.9  194.2  169.4  153.3   91.7   98.0  101.3   54.5   54.9   185.9   438.2   414.4   253.8  1299.7
2009   52.3   43.3  128.1  163.0  192.9  189.5  148.0  143.6  107.1   81.1   45.3   45.7   150.5   484.0   481.1   233.4  1339.8
2010   55.3   60.8  117.0  181.3  199.5  215.3  101.4  156.6  126.1  112.6   74.3   47.8   161.8   497.8   473.3   313.0  1447.9
2011   52.8   49.1  141.9  211.4  169.0  185.2  192.0  125.2  119.8   76.9   64.4   23.6   149.7   522.3   502.5   261.2  1411.4
2012   55.0   55.6  148.5  120.3  208.1  113.5  125.4  137.0  116.5   92.3   57.8   43.4   134.2   477.0   375.9   266.6  1273.3
2013   29.1   78.3   95.0  159.5  167.9  187.7  267.0  144.1   99.9   61.8   67.7   37.0   150.7   422.5   598.7   229.4  1395.0
2014   33.1   64.1  123.4  137.7  133.5  188.0  236.8  164.2  130.4   74.2   57.7   46.3   134.3   394.6   589.0   262.3  1389.5
2015   49.4   67.4  106.8  210.2  154.2  193.2  158.3  156.1  160.5   82.7   31.7   23.8   163.1   471.1   507.5   274.9  1394.1
2016   31.1   76.4  110.3  161.0  223.7  143.6  144.6  164.2  125.7   97.2   68.1   37.8   131.3   495.0   452.4   291.0  1383.7
2017   50.4   39.8  115.9  151.1  221.5  145.1  172.9  145.1   97.8   63.1   64.6   36.9   128.0   488.6   463.1   225.5  1304.2
2018   43.9   94.0   82.9  121.5  255.5  257.6  246.8  134.8  117.8   98.9   55.9   28.9   174.8   459.9   639.2   272.7  1538.6
2019   43.6  104.3  101.0  179.8  187.5  159.6  169.0  166.6  139.5   89.5   43.1   39.5   176.8   468.3   495.2   272.1  1423.0
2020   38.8   63.9  136.2  226.5  271.9  151.6  121.1  140.2  147.4   67.4   45.9   28.1   142.1   634.6   412.9   260.6  1438.9
2021   36.1   74.0  110.1  237.0  169.9  190.1  208.8  137.3  116.2   73.6   57.0   28.3   138.1   517.0   536.2   246.9  1438.5
2022   61.9   60.9  164.3  172.4  143.0  189.6  175.3  215.5  115.0   98.3   51.7   50.4   151.1   479.7   580.4   265.1  1498.3
2023   58.8   65.6   71.6  157.7  241.2  257.6  129.1  140.3  125.5   75.2   57.2   25.7   174.8   470.5   527.0   258.0  1405.5
2024   55.1   44.8   89.0  112.9  145.7  168.0  144.1  150.4  112.9   93.2   45.5   20.0   125.6   347.6   462.4   251.7  1181.5
2025   58.6   64.1  160.7  228.9  283.8  177.2  175.3  178.3  119.9   49.9   61.0   41.4   142.6   673.4   530.7   230.9  1599.1
2026   48.0   31.3  120.5  217.3                                                           120.7                                
