Areal values from HadUK-Grid 1km gridded climate data from land surface network
Source: Met Office National Climate Information Centre
Monthly, seasonal and annual total duration of bright sunshine for England E and NE
Areal series, starting in 1910
Last updated 01-May-2026 11:32
year    jan    feb    mar    apr    may    jun    jul    aug    sep    oct    nov    dec     win     spr     sum     aut     ann
1910   55.1   69.2  127.1  112.8  173.1  174.7  129.6  138.5  106.8   75.1   75.7   30.4     ---   413.0   442.7   257.6  1268.0
1911   45.4   62.8   87.5  118.9  188.5  199.9  257.4  183.5  182.3   73.6   57.5   33.6   138.6   394.8   640.8   313.5  1490.8
1912   31.2   50.7   91.7  198.0  142.6  119.2   99.9   72.0  102.0   93.2   34.6   20.9   115.5   432.3   291.1   229.8  1056.0
1913   20.2   52.4  105.6  110.0  144.6  178.5   97.4  141.8  111.7   82.5   62.5   32.8    93.5   360.2   417.7   256.7  1140.0
1914   31.3   67.1   93.7  220.5  147.3  215.3  137.6  171.6  171.8   70.1   49.4   38.1   131.2   461.5   524.5   291.3  1413.8
1915   28.9   60.9  114.0  163.5  192.0  205.4  159.4  139.5  153.2   61.8   65.2   30.3   128.0   469.4   504.3   280.2  1374.0
1916   44.4   66.1   61.6  154.0  147.1  112.7  142.5  143.7  120.0   73.1   49.7   28.6   140.7   362.6   398.8   242.8  1143.3
1917   16.6   46.2   97.6  111.4  181.9  210.3  191.2  119.4  126.4  117.8   47.4   42.0    91.3   390.9   521.0   291.6  1308.2
1918   45.8   53.4   93.9  111.1  183.6  207.6  183.4  154.3  128.2   69.7   56.9   31.5   141.2   388.7   545.2   254.8  1319.4
1919   33.1   47.7   85.0  112.4  207.5  181.2  125.4  177.9  134.3  111.7   42.6   29.2   112.4   405.0   484.5   288.6  1288.2
1920   49.7   82.3  104.7   93.7  186.7  204.9  116.9  119.2  102.8  100.9   47.6   30.0   161.3   385.1   440.9   251.2  1239.4
1921   29.9   62.8  105.6  179.4  225.7  210.5  195.9  131.5  156.3  122.0   62.7   44.6   122.8   510.7   538.0   341.0  1527.0
1922   34.6   71.5   81.7  157.0  213.7  210.0  129.6  134.6   83.1  103.1   72.7   33.7   150.7   452.4   474.2   258.9  1325.3
1923   56.1   36.6   94.5  130.2  153.4  139.4  174.7  173.8  149.7   96.6   68.6   41.8   126.4   378.2   487.8   315.0  1315.5
1924   43.4   46.5  126.8  133.2  134.4  163.7  171.3  129.3  119.9   90.8   47.9   32.3   131.7   394.4   464.4   258.6  1239.6
1925   39.6   65.5   98.8  135.1  151.6  209.7  178.0  127.8  110.6   95.0   72.7   46.6   137.3   385.4   515.5   278.3  1330.8
1926   34.0   44.1  107.9  109.1  182.7  154.4  173.1  192.2  135.4  114.5   49.2   52.4   124.6   399.6   519.7   299.0  1348.8
1927   38.0   54.4  104.3  149.4  143.0  179.3  133.2  137.4   98.4   90.3   58.9   23.1   144.8   396.8   449.8   247.7  1209.8
1928   48.6   82.6   66.2  127.4  136.7  183.2  234.9  163.6  149.2  100.0   60.5   42.9   154.3   330.3   581.7   309.8  1395.9
1929   31.8   33.9  157.4  147.8  200.7  181.1  186.0  151.5  163.0  111.4   61.9   49.4   108.7   505.9   518.5   336.3  1475.9
1930   52.9   46.1   98.5   93.7  154.4  203.0  152.8  181.2   99.6  116.7   76.9   27.9   148.4   346.5   537.0   293.1  1303.6
1931   64.5   52.9  137.0  120.5  169.3  144.2  119.8  155.9   86.0  134.2   46.4   44.2   145.3   426.8   419.9   266.6  1275.0
1932   65.3   71.3   97.0  135.1  101.2  180.3  126.5  138.8  139.4   84.3   38.9   41.9   180.8   333.3   445.6   262.6  1220.0
1933   42.1   71.2  152.7  117.4  120.9  228.1  210.5  206.4  152.7   80.7   44.4   29.5   155.2   391.0   644.9   277.8  1456.5
1934   60.2   95.5   95.8  114.3  177.2  170.8  240.4  165.2  151.9   90.8   40.9   18.8   185.2   387.3   576.3   283.6  1421.8
1935   44.3   47.4  102.0  128.8  209.2  176.9  246.2  181.8  136.0   82.7   45.5   47.2   110.4   440.0   604.9   264.2  1448.0
1936   45.8   71.7   59.8  174.0  162.3  180.0  136.9  177.1   95.0  102.5   56.9   50.3   164.7   396.1   493.9   254.4  1312.2
1937   38.7   75.5   82.3   76.3  161.3  158.8  122.6  151.0  128.3   68.3   53.9   28.6   164.5   319.9   432.3   250.5  1145.3
1938   50.7   57.2  115.6  138.8  164.8  183.8  141.4  143.9  104.9  101.4   72.2   39.3   136.6   419.3   469.1   278.5  1314.1
1939   43.2   76.0   95.8  160.3  178.5  205.1  145.7  132.7   98.3   91.2   50.1   38.4   158.6   434.7   483.6   239.5  1315.4
1940   49.5   29.0  101.7  108.4  213.3  282.3  155.2  159.4  156.0   68.9   57.6   38.1   116.9   423.3   596.8   282.4  1419.2
1941   30.4   61.7   94.9   99.3  142.7  190.9  174.9  157.2   77.9   90.4   39.1   41.8   130.2   336.9   523.1   207.4  1201.3
1942   18.7   42.2   69.2  208.1  195.6  195.7  178.1  111.0  146.6   93.7   45.4   31.4   102.7   472.9   484.7   285.7  1335.8
1943   44.5   98.7  123.7  153.6  222.3  186.1  196.1  122.8  132.8   93.7   67.9   43.5   174.6   499.5   505.0   294.4  1485.6
1944   37.9   47.7  113.7  129.3  163.3  150.2   99.9  150.3  126.7   90.8   50.9   38.9   129.1   406.2   400.5   268.4  1199.6
1945   47.5   68.4  117.5  174.4  163.6  184.2  183.5  145.5  111.4   93.3   39.6   36.5   154.8   455.5   513.2   244.3  1365.4
1946   36.6   86.6  103.3  165.2  186.0  183.5  174.7  131.8  103.3   63.1   32.2   50.2   159.7   454.4   490.0   198.6  1316.4
1947   41.5   34.1   69.8  145.6  176.8  157.7  164.3  240.7  143.0   88.3   92.4   33.3   125.8   392.2   562.6   323.7  1387.5
1948   35.4   56.2  140.9  174.7  210.8  156.7  164.3  107.5  111.2   87.9   58.3   43.8   124.9   526.4   428.5   257.4  1347.7
1949   51.7  106.1   94.3  149.2  209.5  235.5  194.9  176.9  126.6   93.0   53.5   46.0   201.6   453.0   607.3   273.1  1537.2
1950   27.1   78.7  123.1  137.9  130.2  232.8  179.6  154.3  107.1   96.0   53.9   36.6   151.8   391.2   566.6   257.1  1357.3
1951   48.8   60.3   88.4  174.1  145.2  196.0  178.6  142.6  122.5  104.0   54.5   49.8   145.7   407.7   517.2   281.1  1364.9
1952   66.6   82.3   85.4  158.2  198.3  175.3  178.8  171.2  100.9  106.9   65.5   49.1   198.6   441.8   525.3   273.3  1438.4
1953   40.7   62.2  135.1  153.8  201.9  118.2  169.1  180.2  141.5   82.0   44.5   31.5   151.9   490.8   467.4   268.0  1360.6
1954   43.4   43.8   87.1  147.2  141.4  129.8  135.9  102.9  158.5   84.4   66.5   45.5   118.7   375.6   368.6   309.5  1186.4
1955   37.4   74.4  135.2  156.2  192.1  169.1  252.9  171.1  152.5  119.8   45.2   49.5   157.3   483.4   593.2   317.5  1555.5
1956   54.4   54.5  118.8  156.4  227.8  139.6  150.8  125.6  109.1  111.6   56.9   23.1   158.4   503.0   416.0   277.7  1328.6
1957   43.9   86.4   86.1  142.9  199.2  272.0  121.4  121.6  120.3   87.6   58.2   45.4   153.4   428.2   515.0   266.1  1385.0
1958   59.4   64.1  105.0  144.0  161.2  118.3  166.9  138.5  128.2  106.7   50.8   32.1   168.8   410.1   423.7   285.6  1275.0
1959   81.9   49.7   82.8  154.2  216.0  213.4  216.3  196.1  165.2  132.4   46.1   27.4   163.7   453.0   625.8   343.8  1581.6
1960   36.0   77.4   58.7  148.5  191.8  248.4  139.0  152.9  108.1   51.8   54.5   46.7   140.8   399.0   540.3   214.3  1313.7
1961   43.5   63.3  130.1   96.4  180.8  185.1  127.3  177.2  124.3  105.9   67.6   44.8   153.5   407.3   489.6   297.9  1346.3
1962   65.6   72.0  112.0  151.5  162.7  212.6  114.4  148.4   90.7   97.9   50.3   62.3   182.4   426.2   475.5   239.0  1340.6
1963   55.6   66.5   98.8  114.7  183.8  179.8  172.7  109.0  155.5   92.3   42.6   36.0   184.4   397.3   461.6   290.4  1307.4
1964   56.2   60.0   43.0  113.5  202.9  135.9  173.1  169.5  159.3  101.7   60.7   44.1   152.2   359.4   478.4   321.7  1319.8
1965   64.4   34.0  117.5  153.4  155.8  171.4   97.8  157.7   85.4   93.3   62.7   50.8   142.6   426.7   426.9   241.4  1244.3
1966   25.4   36.2  116.4   86.8  203.2  138.8  168.4  144.3  115.2   71.8   51.7   49.8   112.4   406.5   451.5   238.7  1208.0
1967   65.1   77.4  147.5  116.2  136.2  209.4  189.1  141.8  106.0  103.7   62.0   59.0   192.3   400.0   540.3   271.7  1413.5
1968   40.9   64.3  104.0  183.3  143.5  200.4  107.1  126.4  108.8   63.0   32.9   31.5   164.2   430.8   433.9   204.7  1206.0
1969   31.5   61.2   65.1  161.2  123.7  238.1  206.6  136.0  100.3   95.3   67.1   25.0   124.2   349.9   580.7   262.8  1311.2
1970   31.8   98.2  118.7  137.2  178.7  242.9  144.0  171.0  126.6  100.1   55.2   44.4   155.1   434.5   557.8   281.9  1448.8
1971   33.3   66.6   85.0  107.0  221.6  124.2  209.2  125.5  153.5  117.7   69.7   33.7   144.3   413.6   458.9   340.9  1346.9
1972   37.9   33.4  115.6  114.6  157.8  149.5  152.9  179.2  103.4   89.4   65.5   32.0   105.1   388.1   481.6   258.3  1231.3
1973   36.8   96.6  115.4  140.1  168.9  211.9  132.7  166.4  127.9   76.8   89.8   54.3   165.3   424.4   511.0   294.5  1417.5
1974   55.0   62.3   90.3  120.2  199.3  176.9  151.9  173.5  124.5   75.4   57.7   53.4   171.6   409.9   502.2   257.6  1340.5
1975   42.0   44.2   95.6  117.9  188.9  245.2  182.1  228.2  135.3   91.4   73.2   54.4   139.6   402.5   655.5   299.9  1498.5
1976   48.7   47.2   99.0  123.3  131.7  242.3  257.5  228.1   84.2   67.7   65.2   54.9   150.3   354.0   728.0   217.1  1449.8
1977   50.9   57.3   85.7  160.0  210.8  163.5  168.4  150.0  100.6   93.7   79.8   39.2   163.0   456.5   481.8   274.2  1359.9
1978   46.3   50.9  113.6   97.0  195.5  163.5  139.5  108.9  124.1   86.6   72.1   21.4   136.3   406.1   411.8   282.8  1219.3
1979   50.9   56.5   86.6  110.1  163.8  184.7  167.0  148.6  161.7   94.7   71.1   48.9   128.8   360.5   500.3   327.5  1344.6
1980   46.6   34.5   84.2  162.1  220.1  146.8  136.1  131.2  127.7  105.0   49.9   45.8   130.0   466.4   414.1   282.5  1289.9
1981   52.6   64.0   63.8  134.7  168.2  165.4  159.3  170.3  154.1  133.6   57.2   46.8   162.4   366.7   495.0   344.9  1369.9
1982   53.9   56.8  145.7  163.7  223.8  124.3  166.9  158.8  150.1   59.4   54.5   45.1   157.4   533.1   450.0   264.1  1402.9
1983   58.9   65.0   84.4  122.2  108.0  160.3  196.4  189.0  111.1  109.5   43.9   44.0   169.0   314.6   545.8   264.5  1292.7
1984   60.2   54.9   48.4  200.2  178.4  180.2  213.2  188.9   98.6  106.8   44.6   48.0   159.1   427.0   582.3   250.0  1422.5
1985   38.0   71.4  110.0  110.6  137.1  164.1  163.0  145.9  115.8  104.2   84.5   34.4   157.5   357.7   473.0   304.6  1279.1
1986   60.2   63.9  123.5  113.2  196.5  198.4  161.6  118.9  184.4  123.7   76.7   49.2   158.5   433.2   478.9   384.9  1470.3
1987   48.9   67.0   97.1  145.2  175.6  102.1  153.8  126.6  157.1   96.5   49.8   26.7   165.0   417.9   382.5   303.4  1246.4
1988   47.4  107.5   96.7  112.4  182.9  178.9  143.8  181.7  142.7   92.9   89.3   54.0   181.6   392.0   504.3   324.8  1430.0
1989   61.6   96.4  113.8  122.5  253.6  227.8  247.3  219.1  129.8   91.7   76.3   29.4   211.9   489.8   694.2   297.7  1669.1
1990   58.5   72.6  132.3  196.3  214.9  113.8  236.0  209.4  123.6   86.3   51.5   41.2   160.5   543.5   559.1   261.4  1536.2
1991   73.7   49.8   66.8  148.7  128.1  143.1  185.1  196.1  167.8   76.6   57.0   49.0   164.6   343.5   524.3   301.4  1341.6
1992   59.7   78.0   89.7  119.6  233.8  193.8  161.9  174.5  109.4   85.5   66.4   36.4   186.7   443.1   530.2   261.3  1408.8
1993   43.2   49.0  111.5  104.5  163.0  176.0  166.6  162.2   89.8   93.2   41.7   49.5   128.7   378.9   504.8   224.7  1250.3
1994   63.7   61.6  123.5  170.7  157.0  208.6  204.2  165.8  111.8   95.6   57.0   57.0   174.8   451.1   578.6   264.3  1476.5
1995   55.1   87.5  153.9  168.5  195.2  183.5  219.6  250.9  125.7  126.2   56.6   35.7   199.6   517.6   653.9   308.5  1658.3
1996   14.2   81.3   45.1  122.8  185.3  223.3  210.3  178.3  112.4  112.8   84.8   41.9   131.2   353.2   611.9   310.0  1412.4
1997   42.1   84.9  132.3  133.2  217.8  128.7  207.3  187.0  157.4  112.2   37.8   32.2   168.9   483.2   523.0   307.5  1472.9
1998   43.8   84.8   80.1  115.6  177.4  129.5  146.2  166.2   95.0  110.9   68.1   39.9   160.8   373.1   441.9   274.1  1257.6
1999   63.4   97.6  104.9  149.5  162.9  160.7  213.2  140.0  157.4  104.8   64.1   65.2   201.0   417.3   513.9   326.4  1483.8
2000   77.5   96.7  122.2  130.8  194.6  157.5  130.4  188.9  100.1  100.9   60.7   53.6   239.4   447.7   476.7   261.7  1413.9
2001   72.7   94.2  109.4  124.3  249.5  163.4  175.0  170.4   97.5  110.1   61.6   64.6   220.5   483.2   508.9   269.2  1492.8
2002   42.9   80.0  121.4  190.2  162.9  163.0  153.6  146.3  130.0   91.1   48.8   29.2   187.5   474.5   462.9   269.9  1359.5
2003   57.6   99.8  168.2  192.4  187.4  212.0  180.4  208.7  162.7  129.1   65.8   61.2   186.7   548.0   601.1   357.6  1725.3
2004   46.0   91.5  104.7  116.1  209.7  179.7  164.7  158.4  156.3   92.1   50.2   63.1   198.7   430.5   502.8   298.6  1432.5
2005   55.7   72.5   66.0  151.0  217.1  181.8  167.4  183.0  153.8   58.3  100.0   57.8   191.3   434.0   532.1   312.1  1464.4
2006   45.3   64.2   93.0  170.4  192.7  200.7  292.0  138.1  160.0   89.6   94.3   61.2   167.4   456.0   630.7   343.8  1601.3
2007   72.9   76.5  137.5  200.1  160.2  134.2  171.4  199.5  147.8  116.9   70.1   42.9   210.6   497.8   505.1   334.8  1530.0
2008   46.8  112.9  134.2  131.9  211.3  178.0  185.0  109.8  103.9  126.9   65.0   56.4   202.7   477.4   472.8   295.8  1462.1
2009   52.3   58.9  160.9  157.7  230.4  191.0  190.0  172.8  137.2   86.4   72.3   65.2   167.6   549.1   553.7   296.0  1575.1
2010   53.3   52.5  124.0  173.4  211.1  220.0  153.6  165.3  134.5  104.5   73.5   59.2   170.9   508.4   538.9   312.5  1524.8
2011   56.8   53.6  131.8  216.8  210.4  196.5  175.1  138.8  151.3  105.4   57.3   52.4   169.6   559.1   510.3   314.0  1546.3
2012   73.3   74.2  176.0  106.8  194.0  107.5  144.7  154.9  156.0  107.4   69.1   57.9   199.9   476.9   407.1   332.5  1421.9
2013   44.4   77.5   69.0  168.3  180.8  176.4  242.3  180.3  135.5   81.5   87.3   58.1   179.8   418.1   599.0   304.2  1501.3
2014   50.0   84.1  131.9  129.1  163.9  163.7  228.2  186.5  114.6   94.6   47.0   77.3   192.2   424.9   578.4   256.2  1470.9
2015   76.2   94.4  124.4  224.2  190.6  204.3  178.8  180.1  159.0   90.3   48.0   37.3   247.9   539.2   563.2   297.4  1607.7
2016   37.2  103.0  111.5  163.7  198.0  135.3  187.4  202.5  142.5  101.3   82.2   53.6   177.5   473.1   525.2   326.0  1518.2
2017   59.6   61.9  135.4  177.4  205.7  176.5  178.9  182.9  118.0   84.2   88.5   65.1   175.1   518.5   538.3   290.8  1534.1
2018   59.0   83.4   83.0  126.9  261.6  223.2  246.1  168.7  145.9  125.6   63.7   53.6   207.5   471.4   637.9   335.1  1640.5
2019   70.2  122.6  141.0  189.3  196.2  161.9  184.5  196.8  161.9   92.3   44.6   60.7   246.3   526.5   543.2   298.9  1622.0
2020   67.3   90.2  153.6  223.6  276.1  153.2  142.6  142.5  152.7   70.3   60.1   44.1   218.2   653.3   438.3   283.1  1576.3
2021   53.3   78.9  114.8  232.7  169.6  201.4  190.6  128.9  136.4   93.3   73.2   35.0   176.3   517.1   520.9   302.9  1508.1
2022  102.6   99.2  176.3  191.5  171.8  210.1  194.0  231.2  126.7  130.3   46.6   60.5   236.8   539.6   635.3   303.6  1740.8
2023   89.1   84.8   95.6  160.7  197.2  239.3  159.1  168.8  145.3   75.1   72.9   38.5   234.4   453.5   567.2   293.4  1526.4
2024   61.4   61.9   96.0  125.7  151.0  190.7  167.2  183.4  120.9  111.2   66.2   34.5   161.7   372.7   541.3   298.3  1370.1
2025   80.9   65.9  174.4  232.8  257.7  227.3  185.5  184.8  152.5   83.7   60.7   43.3   181.2   665.0   597.6   296.9  1749.6
2026   50.4   39.8  141.9  228.6                                                           133.5                                
