Areal values from HadUK-Grid 1km gridded climate data from land surface network
Source: Met Office National Climate Information Centre
Monthly, seasonal and annual total duration of bright sunshine for Scotland E
Areal series, starting in 1910
Last updated 01-May-2026 11:32
year    jan    feb    mar    apr    may    jun    jul    aug    sep    oct    nov    dec     win     spr     sum     aut     ann
1910   44.7   71.5  114.6  123.7  165.8  184.8  139.4  114.0  116.4   77.0   63.9   33.3     ---   404.0   438.3   257.3  1249.1
1911   41.2   66.8  101.2  106.0  206.4  202.4  196.4  172.8  135.5   76.1   48.8   31.3   141.3   413.6   571.6   260.4  1385.0
1912   28.2   52.2   95.6  170.5  157.1   73.4  115.9   56.0  100.9   68.7   41.2   16.0   111.7   423.2   245.3   210.8   975.7
1913   19.2   41.7  110.2  119.3  135.9  159.0  139.2  134.2   78.4   87.3   55.2   35.3    77.0   365.4   432.5   220.8  1115.0
1914   24.2   51.4  100.0  192.8  139.4  194.2  137.5  150.6  129.2   71.5   45.5   32.0   110.8   432.2   482.3   246.2  1268.2
1915   29.7   53.0  111.5  142.0  194.0  207.9  143.0  113.6  128.7   84.6   60.1   18.0   114.8   447.5   464.5   273.3  1286.0
1916   46.1   67.5   74.0  135.7  139.7  112.4  114.7  130.9  108.5   69.6   38.6   25.6   131.6   349.4   358.0   216.6  1063.3
1917   20.6   67.7  103.8  117.2  132.2  207.5  190.5   97.1  103.6   88.3   43.9   37.0   113.9   353.3   495.1   235.9  1209.6
1918   32.4   50.5   72.1  150.2  142.2  188.1  161.9  109.1  117.5   62.4   56.2   32.5   119.9   364.5   459.2   236.1  1175.3
1919   31.8   51.2   99.6  105.4  180.8  166.9  186.5  168.7  134.6   85.0   54.7   35.4   115.6   385.9   522.1   274.3  1300.8
1920   43.0   77.2   93.0  105.5  173.9  208.8  120.6  123.6  100.4   79.1   43.9   38.5   155.7   372.3   453.0   223.4  1207.6
1921   36.6   60.8   98.1  177.6  195.8  212.9  164.2  119.3  121.5   76.8   54.1   36.3   136.0   471.4   496.3   252.4  1353.8
1922   32.7   50.0  103.0  146.0  179.0  170.3  127.8  122.5   86.8   92.5   62.8   30.2   118.9   428.0   420.6   242.0  1203.4
1923   45.6   30.5   98.1  104.1  140.7  134.6  142.9  140.5  123.2  102.3   61.6   34.7   106.4   343.0   418.0   287.0  1158.9
1924   33.0   48.1  103.0  135.2  115.6  166.7  138.2   92.1  127.1   82.0   40.1   31.8   115.9   353.7   397.1   249.2  1113.0
1925   36.7   56.2  103.3  148.8  128.3  218.2  155.0  128.7  106.2   90.2   71.2   36.5   124.7   380.4   501.9   267.7  1279.4
1926   29.0   48.4   87.5  119.7  176.1  168.6  172.3  161.4  121.4  103.0   60.1   38.0   113.8   383.3   502.4   284.5  1285.6
1927   42.2   63.8  102.0  151.2  133.4  165.9  136.3  137.3   89.1   84.8   53.2   19.5   144.0   386.6   439.5   227.0  1178.6
1928   40.6   76.2   47.9  110.3  140.1  172.5  152.6  115.7  136.5   81.4   51.4   34.5   136.3   298.3   440.9   269.3  1159.6
1929   33.3   53.0  156.2  135.6  173.2  184.4  151.5  121.1  125.7   89.8   53.7   40.1   120.8   465.0   457.0   269.3  1317.6
1930   46.2   77.5  108.3  110.1  167.2  213.5  123.5  135.1   76.0   85.1   60.5   32.3   163.8   385.6   472.1   221.6  1235.3
1931   52.4   62.3  115.8  111.3  167.9  130.7   82.1  127.0  103.6   98.5   40.3   27.7   147.0   394.9   339.8   242.5  1119.6
1932   58.7   70.9   82.2  135.9  123.6  179.5  118.3  129.7  108.1   69.0   49.2   29.5   157.3   341.7   427.5   226.4  1154.6
1933   48.4   65.8  139.0  104.2  115.2  211.7  162.9  173.5  134.8   62.6   41.4   27.9   143.6   358.4   548.1   238.8  1287.3
1934   42.0   76.7  113.5  108.4  162.5  180.8  186.9  125.8  133.6   80.9   49.3   15.1   146.6   384.5   493.4   263.7  1275.5
1935   39.8   56.7  100.9  112.7  207.3  132.5  214.6  130.2  112.0   56.9   47.9   40.2   111.6   420.8   477.3   216.7  1251.6
1936   40.6   60.4   55.4  161.9  170.0  207.4  122.1  154.9   83.5   89.6   53.0   38.3   141.2   387.4   484.4   226.1  1237.1
1937   34.1   81.2   92.2   83.7  171.6  160.2  114.1  136.2  122.9   68.5   44.4   31.3   153.6   347.5   410.5   235.8  1140.5
1938   47.9   55.8   94.4  137.6  158.3  157.9  118.8  161.8   97.4   86.0   51.3   37.7   135.0   390.3   438.4   234.7  1204.9
1939   35.9   54.5   99.8  134.2  159.8  206.1  105.5  121.8  105.8   88.7   42.7   23.5   128.1   393.9   433.4   237.1  1178.3
1940   36.6   43.1  101.3   99.5  182.2  255.6  109.6  138.5  124.0   53.0   42.0   25.5   103.2   382.9   503.7   219.0  1210.9
1941   34.2   53.3   94.1   86.2  141.3  182.7  133.5  126.8   84.7   78.1   34.5   36.0   112.9   321.6   443.0   197.3  1085.2
1942   18.5   59.9   75.9  199.9  201.6  142.7  156.4   85.1  126.8   75.1   62.8   30.7   114.4   477.4   384.2   264.7  1235.4
1943   30.0   79.1  107.5  139.1  181.2  170.7  188.7   99.8  109.8   71.4   55.0   28.0   139.7   427.7   459.3   236.1  1260.3
1944   30.0   65.2   96.3  119.0  118.2  134.4  102.3  131.3  103.5   70.8   51.8   31.6   123.3   333.5   368.0   226.1  1054.6
1945   38.3   74.9   94.8  157.3  157.4  167.2  145.6  152.2   97.8   88.5   34.1   28.1   144.8   409.5   465.0   220.4  1236.2
1946   44.3   88.2   90.1  151.7  208.4  152.4  131.5  126.4   90.2   70.8   33.1   37.6   160.6   450.2   410.4   194.0  1224.6
1947   32.9   49.2   98.5  115.8  147.4  121.3  156.9  235.1  102.3   72.7   71.4   25.9   119.7   361.6   513.3   246.5  1229.4
1948   30.5   58.3  125.7  153.4  209.7  136.2  163.2   79.6  119.1   88.3   56.9   40.8   114.6   488.8   379.0   264.2  1261.6
1949   44.1   85.6  109.9  137.7  192.5  230.0  159.8  124.0  119.4   75.5   44.6   37.8   170.5   440.1   513.8   239.5  1361.0
1950   37.8   86.6  110.1  129.7  155.3  188.4  160.6  145.3  103.5   84.0   56.6   33.0   162.2   395.2   494.3   244.2  1291.1
1951   43.8   55.1   76.6  154.3  184.3  178.5  156.9  113.7  127.3   82.5   42.0   45.3   132.0   415.1   449.1   251.7  1260.2
1952   47.6   77.5   95.1  165.2  158.6  150.2  185.7  122.2   93.4   88.0   55.0   38.9   170.4   418.9   458.2   236.4  1277.5
1953   45.6   67.9  143.9  144.7  159.9  133.4  110.9  144.0   99.1   72.7   45.8   41.4   152.4   448.5   388.3   217.7  1209.4
1954   35.2   53.3   82.5  171.6  146.4  127.2  127.2   93.9  124.0   76.3   51.0   32.6   129.9   400.5   348.3   251.3  1121.2
1955   38.7   70.8  116.2  171.1  205.0  173.2  253.7  162.7  135.0   87.1   54.3   36.9   142.0   492.3   589.6   276.5  1504.7
1956   48.0   52.4  107.9  160.5  187.2  167.8  159.3  112.1   79.9   98.6   45.7   21.6   137.3   455.6   439.2   224.1  1240.9
1957   44.9   80.1   64.5  152.5  182.2  229.8  102.4  112.7  107.2   73.8   39.0   46.8   146.5   399.2   444.9   220.0  1235.9
1958   44.7   49.6   88.5  133.6  174.1  113.7  151.8  109.9  118.8   99.9   44.7   36.8   141.1   396.3   375.4   263.3  1166.1
1959   68.1   59.8   84.7  130.4  184.9  177.0  160.8  146.8  148.2   99.5   46.6   20.7   164.6   399.9   484.5   294.2  1327.3
1960   39.1   93.2   71.1  128.1  184.9  206.7  132.7  129.0  118.4   37.0   52.5   42.0   153.0   384.1   468.4   207.9  1234.6
1961   36.4   70.8  108.5   98.9  173.6  151.8  114.6  143.4  103.7   84.7   62.1   40.4   149.2   381.0   409.8   250.5  1188.9
1962   55.1   69.3  106.0  173.5  154.4  177.5  133.2  146.4   64.2   77.9   39.4   38.9   164.8   433.9   457.1   181.5  1235.8
1963   45.2   86.2   95.9  130.2  182.6  150.6  149.6   89.1  132.3   86.4   41.4   35.7   170.2   408.8   389.3   260.1  1225.3
1964   44.2   66.9   47.5  115.2  162.8  169.2  158.9  128.1  121.1   69.9   55.8   36.4   146.8   325.5   456.3   246.9  1176.2
1965   53.2   52.1  101.0  166.7  122.6  141.1  114.8  143.1   70.2   76.8   59.2   36.5   141.7   390.3   399.0   206.3  1137.4
1966   25.3   37.3  117.3  105.6  191.2   95.2  173.7  116.3   97.0   70.3   49.0   41.2    99.1   414.1   385.2   216.3  1119.3
1967   45.4   66.2  123.7  143.2  121.4  202.1  139.5  130.9   92.6   99.2   62.4   49.6   152.9   388.3   472.4   254.2  1276.1
1968   37.9   78.3   91.2  153.3  126.0  192.3   91.2  160.5   86.0   62.9   37.4   25.6   165.7   370.5   444.0   186.2  1142.5
1969   39.8   63.7   82.4  152.4  107.7  197.8  174.2  155.9  106.9   83.8   64.1   28.5   129.1   342.5   528.0   254.8  1257.3
1970   26.3  102.4  127.3  143.6  128.4  213.3  106.9  138.0   95.7   79.7   53.9   42.1   157.3   399.3   458.1   229.3  1257.5
1971   23.8   62.8   85.8  130.5  211.4  134.5  191.4  125.2  133.2   97.9   54.3   24.2   128.7   427.7   451.1   285.4  1275.0
1972   28.3   35.1  100.3  140.0  126.6  156.3  193.8  150.1  120.2   91.7   57.9   34.7    87.6   367.0   500.2   269.9  1235.1
1973   37.0   94.7  128.6  143.4  139.9  157.7  139.5  158.8  103.2   84.6   70.6   38.0   166.3   411.8   456.0   258.5  1295.9
1974   39.1   53.7   87.4  166.1  169.7  191.1  158.4  138.4  111.1   63.1   56.4   43.8   130.8   423.2   487.9   230.5  1278.4
1975   40.7   64.3  106.6  116.8  217.6  212.6  150.5  184.7  106.2   76.6   59.7   45.4   148.8   441.0   547.8   242.5  1381.7
1976   37.5   45.5   92.7  118.2  126.1  159.7  218.6  205.0   74.9   65.8   70.7   46.0   128.3   337.0   583.2   211.3  1260.5
1977   45.4   60.8   76.0  153.3  186.8  177.3  180.3  165.5   90.5   75.8   63.0   32.5   152.2   416.1   523.1   229.3  1307.2
1978   47.6   55.9   99.2   98.6  192.0  168.5  132.9  107.5   99.6   79.5   55.1   17.5   136.1   389.8   408.9   234.2  1153.9
1979   46.3   74.8  105.4  107.3  160.9  168.9  143.1  114.0  138.3   61.3   55.9   34.8   138.6   373.6   426.0   255.5  1210.9
1980   28.6   38.0   70.2  165.5  221.8  134.7  102.6  109.9   83.6   86.7   43.6   29.1   101.4   457.5   347.2   214.0  1114.4
1981   47.0   75.1   95.2  182.5  172.1  147.3  139.5  158.6  115.6  103.8   53.8   29.7   151.2   449.8   445.4   273.2  1320.1
1982   34.9   57.9  122.8  150.9  204.0  112.9  192.7  144.1  107.5   53.1   51.3   31.9   122.5   477.8   449.6   211.9  1264.1
1983   43.4   60.0   75.5  114.7   80.2  155.8  175.6  163.3   96.0   82.8   52.1   23.3   135.3   270.3   494.6   231.0  1122.7
1984   41.8   50.2   66.3  175.0  197.1  156.0  190.5  166.6   85.0   79.6   30.5   36.0   115.3   438.5   513.1   195.1  1274.7
1985   44.8   75.9   91.8  114.2  148.7  151.2  114.1  130.8   89.5  101.8   48.1   27.8   156.8   354.7   396.1   239.4  1138.7
1986   36.8   55.9  118.8  107.3  163.4  196.3  144.6  120.8  137.9  106.8   58.5   32.6   120.4   389.5   461.7   303.3  1279.8
1987   37.3   62.9  103.5  128.9  165.8  101.8  119.8  138.9  147.2   71.2   49.7   22.5   132.8   398.2   360.5   268.0  1149.5
1988   41.3   68.6  101.7  111.7  181.6  185.5  123.7  139.0  130.1   65.3   71.1   34.9   132.4   395.0   448.3   266.5  1254.5
1989   44.7   86.1  113.5  122.4  203.0  177.3  230.6  144.3  105.3   79.8   70.6   33.4   165.7   438.9   552.2   255.6  1410.9
1990   46.8   71.7  109.3  175.2  179.6  126.0  207.9  136.3  108.0   67.1   48.9   29.7   151.8   464.1   470.3   224.0  1306.6
1991   52.4   59.9   72.8  159.2  152.4  127.8  132.8  160.3  144.9   67.9   48.8   34.0   142.0   384.4   420.8   261.5  1213.0
1992   59.2   65.5   77.5   97.4  220.1  173.5  135.4  144.9   93.4   74.3   60.5   32.8   158.7   395.0   453.8   228.2  1234.5
1993   36.0   45.0  106.7  101.2  123.1  122.2  146.0  137.4  107.6   89.7   48.2   34.4   113.8   331.0   405.6   245.6  1097.5
1994   42.0   42.3  114.5  137.1  201.8  184.2  156.5  139.5  106.0   82.0   47.1   44.8   118.7   453.5   480.1   235.0  1297.8
1995   43.2   79.1  117.2  135.5  171.5  213.3  192.5  226.5  100.5   86.3   46.5   34.5   167.2   424.2   632.3   233.3  1446.6
1996   13.0   79.0   55.2  101.0  167.9  212.8  169.0  146.2  135.9   79.6   78.4   31.4   126.5   324.1   528.0   293.9  1269.5
1997   40.3   73.9  117.7  116.4  163.5  134.4  163.1  162.9  152.1  106.5   30.3   23.4   145.6   397.6   460.4   288.8  1284.5
1998   34.1   51.0   82.7  114.9  162.6  134.0  115.7  134.7   96.0  113.1   65.5   35.6   108.6   360.2   384.4   274.6  1140.1
1999   46.0   93.7  109.1  131.7  163.3  144.9  165.4  145.3  108.3   67.1   53.9   46.7   175.3   404.2   455.6   229.2  1275.4
2000   60.8   75.0   99.4  119.9  223.8  147.0  144.0  135.2   98.7   89.3   64.4   39.0   182.6   443.1   426.2   252.4  1296.6
2001   53.1   83.1  106.8  138.7  230.2  140.7  118.4  128.8   94.4   71.8   52.1   46.3   175.3   475.7   387.9   218.3  1264.4
2002   37.6   64.4  109.9  134.6  151.1  131.3  103.0  137.0  109.2   79.1   44.2   17.4   148.3   395.6   371.4   232.6  1118.9
2003   45.3   92.8  155.3  167.5  149.4  177.9  152.0  192.0  123.4  114.7   62.0   39.7   155.5   472.1   521.9   300.1  1472.0
2004   36.1   91.8  108.3  100.7  191.7  135.9  134.6  139.3  129.2   64.3   53.4   48.4   167.6   400.7   409.8   247.0  1233.7
2005   43.2   70.3   85.5  149.9  192.5  145.9  161.3  154.2  111.6   53.1   65.3   32.1   161.9   427.9   461.4   230.1  1264.9
2006   33.2   59.7   70.5  184.5  187.4  177.0  214.9  135.2  119.2   68.2   70.6   54.7   125.0   442.3   527.1   258.1  1375.1
2007   48.2   64.2  128.8  189.3  176.6   89.6  132.1  147.6  113.3  106.7   52.2   39.6   167.1   494.7   369.3   272.2  1288.2
2008   29.2   84.5  121.6  145.7  187.9  153.8  138.4   85.8   85.2  101.0   68.4   35.4   153.3   455.3   378.0   254.7  1237.1
2009   51.9   51.9  139.2  132.6  223.3  175.8  162.0  142.8  115.6   79.5   54.4   28.4   139.2   495.1   480.5   249.6  1357.3
2010   40.7   64.3  101.1  155.7  192.3  162.6  135.6  140.2  113.7   82.9   54.3   43.8   133.3   449.0   438.4   250.9  1287.0
2011   47.5   48.4  107.8  186.9  190.4  139.4  155.6  104.1  110.7   61.6   54.4   35.3   139.7   485.1   399.1   226.8  1242.2
2012   59.9   61.6  146.0  102.9  191.4   99.6   92.4  132.6  130.3   86.6   61.1   32.1   156.8   440.3   324.6   278.0  1196.6
2013   26.2   81.7   72.5  161.0  159.4  148.9  211.8  132.3  114.5   59.9   80.9   29.8   140.0   392.9   493.0   255.3  1278.8
2014   26.8   59.7  116.0  132.0  124.3  121.8  208.0  145.9   98.3   64.5   38.3   49.4   116.3   372.3   475.7   201.2  1185.1
2015   58.3   86.2  115.3  214.6  183.0  149.7  133.0  164.8  127.3   89.6   44.7   25.9   193.9   512.9   447.5   261.6  1392.5
2016   23.7   79.7  104.2  144.1  197.6  138.4  134.8  151.3  110.1   85.0   74.9   25.0   129.3   445.8   424.5   270.0  1268.8
2017   59.1   59.4  123.4  152.5  205.8  118.8  145.4  145.8  100.2   69.9   75.4   42.5   143.5   481.8   410.0   245.6  1298.3
2018   49.9   96.0   85.0  150.2  228.5  212.5  202.5  138.9  123.1   92.4   49.2   43.4   188.3   463.8   553.9   264.7  1471.6
2019   61.1   79.8  123.0  165.6  164.1  172.2  145.5  144.7  119.6   95.4   43.9   35.4   184.3   452.7   462.3   259.0  1350.3
2020   43.6   89.8  116.0  200.8  225.4  128.4  146.0  117.6  128.2   63.7   56.0   29.2   168.8   542.2   392.0   248.0  1344.8
2021   52.0   67.1  106.9  223.1  133.5  179.9  168.4  130.7  111.1   62.4   55.0   28.2   148.2   463.5   479.0   228.5  1318.2
2022   61.4   89.8  159.3  137.2  146.4  178.1  149.2  172.7  115.3   84.4   52.9   33.9   179.4   442.9   500.0   252.6  1380.6
2023   61.7   56.3  102.0  147.3  159.0  212.4  142.1  137.5  130.6   78.8   51.4   28.2   152.0   408.3   491.9   260.8  1307.2
2024   51.7   83.7   92.8  124.4  144.7  164.4  128.3  160.0  122.0   86.2   60.5   26.2   163.6   361.8   452.6   268.6  1244.8
2025   57.2   57.1  131.2  186.6  267.7  167.6  160.5  178.7  127.1   72.1   52.3   27.2   140.5   585.5   506.9   251.5  1485.4
2026   33.3   40.1  142.7  195.8                                                           100.6                                
