Areal values from HadUK-Grid 1km gridded climate data from land surface network
Source: Met Office National Climate Information Centre
Monthly, seasonal and annual total duration of bright sunshine for Scotland W
Areal series, starting in 1910
Last updated 01-May-2026 11:32
year    jan    feb    mar    apr    may    jun    jul    aug    sep    oct    nov    dec     win     spr     sum     aut     ann
1910   38.4   50.1  103.3  124.1  191.0  184.7  178.6  100.0  119.6   75.5   59.6   29.7     ---   418.3   463.3   254.7  1254.5
1911   37.4   52.5  128.9  104.7  223.8  208.2  183.6  194.3  121.4   82.5   54.4   20.9   119.6   457.4   586.1   258.3  1412.7
1912   30.2   58.0   83.2  170.6  156.3   96.1  158.0   61.7  113.8   63.9   24.9    5.4   109.1   410.1   315.8   202.5  1022.0
1913   20.3   33.9   88.3  114.8  140.0  134.1  174.8  144.3   93.2   80.1   37.9   26.6    59.6   343.1   453.2   211.2  1088.2
1914   19.0   27.7   95.4  168.7  133.8  184.2  135.5  156.8  127.9   64.8   45.4   26.0    73.3   397.9   476.5   238.1  1185.2
1915   39.9   52.2  109.6  148.6  228.5  208.7  162.2  106.3  135.8   79.6   70.4   26.2   118.1   486.7   477.2   285.8  1368.1
1916   26.5   60.9   85.9  133.5  150.9  176.6  118.8  155.7   97.5   48.7   31.9   30.5   113.7   370.3   451.1   178.1  1117.4
1917   38.1   53.7   94.2  120.4  134.6  208.3  202.7  116.2   82.8   65.8   30.4   38.8   122.3   349.2   527.2   178.9  1185.9
1918   32.5   28.3   85.1  175.6  146.0  196.0  164.1   93.6  119.0   54.8   50.7   29.5    99.6   406.7   453.6   224.5  1175.1
1919   37.8   61.4  104.4  107.2  202.0  165.0  196.9  161.6  116.5   90.9   49.7   29.9   128.7   413.6   523.5   257.0  1323.2
1920   31.0   50.4   72.9  112.2  143.2  182.7  107.9  120.5  106.1   79.5   33.1   30.9   111.2   328.2   411.1   218.7  1070.3
1921   23.8   49.0   68.3  162.2  174.3  222.2  160.9  126.1  116.8   52.5   53.5   24.4   103.8   404.8   509.1   222.8  1234.0
1922   38.9   39.0  125.0  175.9  159.9  139.0  128.0  118.4  101.0  104.5   46.5   18.3   102.3   460.8   385.5   252.0  1194.5
1923   27.2   31.7  119.0  138.1  172.3  100.9  127.4   99.2  105.0   86.4   54.5   37.9    77.3   429.4   327.5   245.9  1099.7
1924   24.9   53.6  112.9  117.8  124.7  154.0  116.2   81.7   97.4   76.3   47.1   21.2   116.4   355.5   351.9   220.8  1027.9
1925   23.2   42.9   93.6  159.3  113.3  251.4  149.9  127.7  115.9   62.7   73.2   36.5    87.3   366.2   529.0   251.7  1249.5
1926   22.7   31.6   67.7  116.1  182.4  190.1  169.7  151.4  107.9   86.7   46.2   31.0    90.7   366.3   511.2   240.7  1203.4
1927   25.6   47.9   96.7  136.0  189.8  178.0  138.2  129.5  100.7   82.8   56.9   28.1   104.4   422.6   445.7   240.4  1210.2
1928   35.4   67.2   58.7  132.9  191.5  166.8  116.1  125.0  139.3   68.2   45.2   34.5   130.6   383.1   407.9   252.7  1180.8
1929   41.2   46.0  154.2  148.0  202.7  205.1  152.1   98.2   98.9   84.4   36.9   34.4   121.7   505.0   455.3   220.2  1302.2
1930   28.3   71.4   88.8  139.6  178.8  195.2  107.5  108.1   89.7   63.4   55.0   22.7   134.2   407.3   410.8   208.1  1148.6
1931   46.5   52.2  113.4  120.4  162.5  102.6   82.6  166.6   91.5   87.2   32.4   15.8   121.3   396.3   351.8   211.0  1073.5
1932   34.1   85.1   82.1  146.4  160.0  192.6  104.2  109.5   94.6   67.3   43.0   31.5   135.0   388.6   406.3   204.9  1150.6
1933   42.0   71.9  114.0   95.9  131.3  191.3  144.4  138.0  145.6   63.5   46.4   23.7   145.4   341.1   473.7   255.5  1208.0
1934   34.4   63.2   90.0  112.9  139.6  183.5  198.8  105.1  117.4   53.2   51.8   11.4   121.3   342.5   487.5   222.4  1161.4
1935   42.4   50.6   92.7  127.1  249.4  141.4  195.2  118.2  103.6   44.2   43.5   45.7   104.4   469.3   454.8   191.3  1254.1
1936   34.6   62.2   49.0  172.2  184.2  181.7  123.5  128.7   90.5   86.8   37.3   18.1   142.5   405.4   433.9   214.6  1168.8
1937   25.9   69.8  110.9   72.4  192.8  158.3  117.6  142.0  117.2   68.1   50.8   40.7   113.8   376.1   417.9   236.0  1166.3
1938   27.8   59.9   64.5  172.1  173.4  152.8  135.7  169.4   90.2   68.9   29.5   43.4   128.4   409.9   457.8   188.5  1187.5
1939   46.7   39.7  106.1  134.8  189.3  235.7  107.8  137.1  117.1  110.6   28.4   22.3   129.8   430.3   480.6   256.1  1275.7
1940   33.9   40.8   92.0  100.7  178.4  258.6  135.1  130.7  120.7   41.6   35.3   31.5    97.0   371.0   524.3   197.5  1199.1
1941   37.7   56.9   97.5  103.8  158.9  184.5  142.0  121.3   82.6   80.6   43.5   22.1   126.1   360.2   447.9   206.7  1131.4
1942   27.8   58.1   84.0  197.3  209.6  151.8  147.2   78.1  110.8   55.5   51.1   24.2   108.0   490.9   377.1   217.5  1195.6
1943   24.0   50.8  101.4  107.1  186.3  164.6  193.8   89.5   94.5   59.5   48.5   26.6    99.1   394.8   447.9   202.5  1146.6
1944   16.7   75.6  104.3   96.6  144.1  135.5   97.6  148.1   96.2   68.8   44.6   28.2   118.9   345.0   381.2   209.5  1056.3
1945   53.6   43.9   74.8  162.2  153.9  145.6  133.4  169.2   86.4   84.1   43.3   31.1   125.7   391.0   448.3   213.8  1181.7
1946   28.7   77.9   90.2  154.7  255.0  140.6  115.6  133.7   68.9   80.3   41.9   34.2   137.7   499.9   389.9   191.2  1221.8
1947   31.9   70.5   83.9  102.3  147.7  119.2  116.3  256.3   87.7   64.5   72.5   19.0   136.6   333.9   491.9   224.7  1171.9
1948   21.4   61.2  108.1  136.7  237.2  136.2  167.2   84.3   91.4   75.9   48.5   33.2   101.6   482.0   387.7   215.8  1201.3
1949   26.6   60.5  119.9  118.5  200.9  250.4  160.9  132.6  123.1   55.4   44.3   20.2   120.2   439.3   543.8   222.9  1313.3
1950   33.0   70.7   92.3  129.1  189.7  185.2  156.4  129.1   85.7   66.6   57.9   40.9   123.8   411.0   470.7   210.1  1236.4
1951   32.5   58.1   86.4  162.9  219.4  205.5  133.5  116.4  109.5   84.6   33.5   29.9   131.5   468.7   455.3   227.7  1272.3
1952   46.8   69.6  106.1  149.2  179.2  155.6  175.5  120.8  118.1   91.8   72.4   32.7   146.3   434.5   452.0   282.4  1317.9
1953   37.0   63.9  113.0  156.4  189.5  177.1  117.8  135.5   82.1   68.4   28.4   34.0   133.5   458.9   430.4   178.9  1203.1
1954   44.6   48.2  108.3  178.3  164.2  142.1  109.6  111.6  104.7   57.5   43.6   15.2   126.8   450.7   363.3   205.8  1127.8
1955   38.0   89.7  132.8  166.9  231.3  152.6  266.8  184.5  119.6   82.4   48.8   36.9   142.9   531.0   603.8   250.8  1550.3
1956   39.7   61.1  127.6  185.1  187.2  185.8  137.0  126.8   84.6   83.7   49.2   12.4   137.7   499.8   449.6   217.6  1280.1
1957   41.0   75.9   52.9  182.4  206.2  271.9  125.4  120.4  112.7   51.5   40.2   36.5   129.3   441.5   517.8   204.4  1317.2
1958   44.4   49.8  100.5  136.1  187.5  120.5  169.4  114.3  113.8   61.9   33.8   29.8   130.8   424.1   404.2   209.6  1161.9
1959   69.0   48.6   88.6  119.3  225.4  177.5  135.7  147.6  136.5   96.1   39.5   18.6   147.3   433.4   460.7   272.1  1302.3
1960   42.2   92.3   87.2  140.2  185.2  232.2  124.8  156.8  134.8   65.9   56.2   36.1   153.1   412.6   513.8   256.9  1353.9
1961   45.0   55.6   74.7  101.0  190.5  136.4  114.0  131.6   95.0   83.2   54.6   39.8   136.7   366.1   382.0   232.8  1121.3
1962   38.4   70.3  103.6  197.3  185.0  172.7  137.2  132.9   76.3   76.7   36.3   37.9   148.5   485.8   442.7   189.4  1264.5
1963   63.2  103.7   97.2  121.9  189.8  170.4  162.6   96.9  120.2   66.2   43.5   35.3   204.9   408.9   429.8   229.9  1270.8
1964   36.1   62.4   66.2  111.2  159.7  150.5  117.9  136.8  116.0   68.3   47.7   35.3   133.7   337.2   405.2   232.0  1108.0
1965   62.0   69.4  105.7  151.2  138.3  140.7  139.9  140.7   74.3   85.3   73.5   41.8   166.7   395.2   421.4   233.2  1223.0
1966   30.5   31.1  101.3  112.0  197.4  103.7  179.7  142.8   83.2   78.2   57.8   28.2   103.4   410.7   426.2   219.1  1145.9
1967   44.3   57.3   89.4  137.2  133.6  201.7  105.5  132.2   96.5   82.5   45.9   48.1   129.9   360.2   439.5   224.9  1174.3
1968   29.7   81.0   85.2  165.8  146.6  196.1  133.2  171.6  100.0   51.6   51.1   31.4   158.9   397.6   500.9   202.8  1243.5
1969   26.0   71.8   93.6  173.5  133.7  209.9  153.2  159.2   99.1   68.8   50.5   30.3   129.3   400.9   522.3   218.4  1269.7
1970   25.2  102.1  124.4  132.8  127.3  218.0  102.5  152.6   81.8   71.7   48.7   42.3   157.6   384.5   473.1   202.2  1229.4
1971   28.7   44.2   82.9  140.7  200.4  163.5  196.0  115.0  126.2   89.5   53.4   26.3   115.2   424.0   474.5   269.1  1266.8
1972   36.1   50.6   95.0  146.9  137.4  157.1  180.0  142.6  135.1   98.1   49.0   21.7   113.0   379.4   479.7   282.2  1249.7
1973   23.0   71.7  112.6  160.6  144.6  161.0  147.6  135.3  107.9   85.8   56.2   33.7   116.4   417.8   443.9   249.9  1240.1
1974   26.5   49.9   92.6  204.1  174.3  211.0  135.8  133.5  105.1   89.0   49.8   24.5   110.2   471.0   480.3   243.9  1296.2
1975   25.5   80.2  123.8  128.7  263.7  237.4  161.1  162.3   99.5   64.6   53.8   35.2   130.2   516.2   560.9   217.9  1435.8
1976   39.6   35.6   78.9  138.8  124.7  156.6  191.0  240.4   92.9   64.2   55.8   44.8   110.3   342.3   588.0   212.9  1263.2
1977   48.9   62.1   67.7  141.6  221.7  216.7  199.9  182.1   90.3   74.1   61.6   33.1   155.9   431.0   598.8   226.0  1399.9
1978   47.8   77.7   78.3  117.5  198.4  163.3  155.9   92.8   76.5   73.9   41.5   28.5   158.7   394.2   412.0   191.9  1152.1
1979   46.3   80.4   93.9  126.5  162.0  166.1   98.7  138.2  116.0   61.7   45.1   38.1   155.2   382.4   403.0   222.8  1173.0
1980   38.2   35.7   84.5  180.4  254.7  114.3  116.1  104.1   73.2   75.2   49.3   24.6   112.0   519.7   334.6   197.7  1150.5
1981   31.1   63.1   86.1  191.2  145.2  134.1  125.6  156.2  100.4   91.4   41.5   38.2   118.7   422.5   415.9   233.3  1204.1
1982   38.6   52.7  116.4  156.4  194.0  150.0  184.7  123.4   90.8   58.8   38.9   31.5   129.5   466.7   458.0   188.6  1236.1
1983   26.1   74.8   54.1  139.7  120.9  152.9  178.2  175.9   77.7   59.4   47.3   25.7   132.3   314.7   507.0   184.4  1132.6
1984   33.5   46.3   61.2  180.8  229.2  151.5  214.2  177.8   87.5   65.9   39.8   27.2   105.4   471.1   543.5   193.1  1314.7
1985   49.7   74.6  104.5  118.8  170.1  171.6  102.4   98.5   72.0   82.0   56.8   25.7   151.6   393.4   372.5   210.8  1126.7
1986   36.4   75.8  107.5  129.0  134.1  186.7  109.6  138.1  143.0   84.4   43.6   26.5   137.9   370.7   434.3   271.0  1214.7
1987   42.6   64.9  100.6  113.9  197.4  127.8  138.3  137.7  142.1   80.8   49.6   32.3   134.0   411.9   403.8   272.5  1228.0
1988   38.2   66.5   75.1  121.0  199.4  199.2  105.6  123.3  104.1   76.6   67.5   23.8   136.9   395.6   428.1   248.2  1200.4
1989   28.3   59.4   88.6  136.2  223.6  190.9  255.1  118.4   99.0   68.2   70.3   41.8   111.5   448.5   564.5   237.5  1379.9
1990   28.8   40.0   69.8  149.7  211.3  138.3  209.4  113.0  104.7   58.7   73.9   31.6   110.5   430.7   460.7   237.3  1229.1
1991   41.1   72.4   78.0  149.4  172.6  141.6  147.0  138.0  155.3   65.6   49.4   20.4   145.1   400.1   426.6   270.3  1231.0
1992   42.7   48.8   70.2   83.1  215.2  177.3  116.9  136.5   86.4   86.1   36.9   25.6   111.9   368.5   430.7   209.4  1125.7
1993   24.9   32.6   89.6  108.0  142.8  114.4  108.8  144.5  105.8   95.3   51.7   27.5    83.1   340.4   367.7   252.8  1045.9
1994   32.3   51.6   73.7  131.4  184.2  120.6  146.7  136.7  108.0   71.2   32.9   27.0   111.4   389.4   404.0   212.2  1116.5
1995   41.5   53.9   83.9  145.2  169.4  245.9  173.3  232.5  116.1   65.4   53.6   50.1   122.4   398.5   651.7   235.1  1430.8
1996   20.7   85.6   74.5   92.0  172.3  216.1  147.4  139.7  146.4   63.9   69.7   42.3   156.4   338.8   503.1   279.9  1270.4
1997   27.9   52.3   86.9  102.0  197.7  156.1  149.3  169.0  131.4   99.8   30.5   26.4   122.5   386.5   474.3   261.7  1229.1
1998   36.2   34.3   51.4  138.7  161.1  143.2  125.0  123.6  112.4   96.2   53.6   28.4    96.9   351.2   391.9   262.3  1104.3
1999   35.7   74.5  106.9  139.3  159.1  148.3  169.8  148.6  103.1   73.2   55.2   35.6   138.6   405.2   466.7   231.5  1249.2
2000   54.2   55.3   78.1  135.5  258.6  137.9  173.5  151.1   90.3   75.7   50.1   34.5   145.1   472.1   462.4   216.1  1294.7
2001   51.0   80.6  125.9  130.0  222.7  123.0  125.8  137.9  110.3   56.7   38.9   55.5   166.0   478.6   386.6   205.9  1258.2
2002   27.1   49.3  108.7  137.0  148.8  119.3  103.8  143.3  120.0   73.0   36.6   32.0   132.0   394.5   366.4   229.6  1098.9
2003   49.5   88.1  153.7  180.8  136.4  168.8  139.9  186.2  109.5  109.9   54.0   37.3   169.6   470.9   494.9   273.3  1414.0
2004   31.1   94.4  106.1  118.9  195.1  126.7  144.7  145.2  108.5   70.9   40.3   31.5   162.8   420.1   416.6   219.7  1213.3
2005   40.1   77.8   90.4  148.6  201.0  133.6  154.0  155.7  102.6   44.8   62.9   34.6   149.4   440.0   443.3   210.3  1246.0
2006   34.9   74.1   77.4  170.8  192.2  181.3  205.3  139.1  105.1   70.4   48.9   31.5   143.6   440.3   525.7   224.4  1330.9
2007   35.8   67.3  122.2  187.2  189.0  132.3  158.6  132.5  103.5   92.3   41.1   31.3   134.6   498.4   423.4   236.9  1293.1
2008   19.6   72.2  107.7  152.6  209.9  156.7  135.4   84.8   72.7   93.0   53.6   39.3   123.1   470.2   377.0   219.2  1197.5
2009   35.0   46.3  109.1  147.9  195.7  203.9  165.0  119.5  101.2   80.9   45.9   30.6   120.6   452.6   488.4   228.0  1280.9
2010   53.7   71.7   94.5  160.9  203.3  193.0  103.0  166.9  125.7   90.8   65.1   54.8   156.0   458.8   462.9   281.6  1383.5
2011   44.5   52.2   86.3  187.5  164.0  137.2  200.1  103.2   97.4   43.6   52.9   19.0   151.5   437.8   440.5   193.8  1187.8
2012   38.4   41.4  123.2  138.6  215.4  103.2  109.8  146.8  110.1   87.2   51.4   32.8    98.8   477.2   359.7   248.7  1198.2
2013   25.5   83.2   83.3  173.6  161.3  162.5  219.0  113.6   89.2   59.7   61.8   23.2   141.6   418.1   495.1   210.7  1255.9
2014   21.4   43.3   97.1  140.4  112.2  147.8  200.3  158.0  107.6   65.1   47.7   34.7    87.9   349.7   506.1   220.4  1175.6
2015   42.1   62.7   96.2  206.3  168.2  134.6  126.9  136.3  139.0   86.0   27.3   16.6   139.5   470.7   397.8   252.3  1242.2
2016   19.1   72.4  105.6  157.8  221.4  147.3  112.7  139.1   86.5   92.9   67.2   20.5   108.1   484.8   399.2   246.7  1242.7
2017   43.6   43.7  107.6  136.0  230.9  108.0  145.1  120.5   93.3   51.6   63.1   41.3   107.9   474.5   373.6   208.0  1184.7
2018   37.2   91.7   90.2  125.9  226.2  232.8  195.7  110.5   98.2   83.3   54.0   27.8   170.2   442.3   538.9   235.5  1373.5
2019   48.4   73.2   84.8  162.1  184.8  162.4  141.3  140.8  111.8   97.4   55.1   30.1   149.4   431.7   444.5   264.2  1292.1
2020   23.0   60.5   97.5  211.2  237.0  139.6  110.3  128.7  111.7   68.5   34.2   32.7   113.5   545.7   378.5   214.4  1254.7
2021   54.9   63.8   86.8  229.2  155.1  163.7  196.5  136.0   82.1   58.2   55.4   19.6   151.3   471.1   496.2   195.7  1301.2
2022   36.5   55.5  159.8  156.1  130.8  157.0  143.7  176.5  126.9   58.4   48.4   39.9   111.6   446.8   477.2   233.7  1289.6
2023   47.8   43.4   89.1  165.7  192.5  238.2  126.5  138.3  118.5   62.0   61.0   24.7   131.1   447.3   503.0   241.5  1307.6
2024   53.4   59.2   92.9  131.1  143.3  151.4  130.8  120.9  130.0   64.8   35.5   18.9   137.2   367.4   403.1   230.3  1132.3
2025   54.7   57.4  126.9  223.2  291.6  136.1  143.7  154.7  107.1   45.7   53.0   32.4   131.1   641.7   434.5   205.8  1426.6
2026   39.7   37.8  108.5  201.8                                                           109.9                                
